-1.000000 -1.000000
-0.998999 -1.000000
-0.997999 -1.000000
-0.996998 -1.000000
-0.995998 -1.000000
-0.994997 -1.000000
-0.993997 -1.000000
-0.992996 -1.000000
-0.991996 -1.000000
-0.990995 -1.000000
-0.989995 -1.000000
-0.988994 -1.000000
-0.987994 -1.000000
-0.986993 -1.000000
-0.985993 -1.000000
-0.984992 -1.000000
-0.983992 -1.000000
-0.982991 -1.000000
-0.981991 -1.000000
-0.980990 -1.000000
-0.979990 -1.000000
-0.978989 -1.000000
-0.977989 -1.000000
-0.976988 -1.000000
-0.975988 -1.000000
-0.974987 -1.000000
-0.973987 -1.000000
-0.972986 -1.000000
-0.971986 -1.000000
-0.970985 -1.000000
-0.969985 -1.000000
-0.968984 -1.000000
-0.967984 -1.000000
-0.966983 -1.000000
-0.965983 -1.000000
-0.964982 -1.000000
-0.963982 -1.000000
-0.962981 -1.000000
-0.961981 -1.000000
-0.960980 -1.000000
-0.959980 -1.000000
-0.958979 -1.000000
-0.957979 -1.000000
-0.956978 -1.000000
-0.955978 -1.000000
-0.954977 -1.000000
-0.953977 -1.000000
-0.952976 -1.000000
-0.951976 -1.000000
-0.950975 -1.000000
-0.949975 -1.000000
-0.948974 -1.000000
-0.947974 -1.000000
-0.946973 -1.000000
-0.945973 -1.000000
-0.944972 -1.000000
-0.943972 -1.000000
-0.942971 -1.000000
-0.941971 -1.000000
-0.940970 -1.000000
-0.939970 -1.000000
-0.938969 -1.000000
-0.937969 -1.000000
-0.936968 -1.000000
-0.935968 -1.000000
-0.934967 -1.000000
-0.933967 -1.000000
-0.932966 -1.000000
-0.931966 -1.000000
-0.930965 -1.000000
-0.929965 -1.000000
-0.928964 -1.000000
-0.927964 -1.000000
-0.926963 -1.000000
-0.925963 -1.000000
-0.924962 -1.000000
-0.923962 -1.000000
-0.922961 -1.000000
-0.921961 -1.000000
-0.920960 -1.000000
-0.919960 -1.000000
-0.918959 -1.000000
-0.917959 -1.000000
-0.916958 -1.000000
-0.915958 -1.000000
-0.914957 -1.000000
-0.913957 -1.000000
-0.912956 -1.000000
-0.911956 -1.000000
-0.910955 -1.000000
-0.909955 -1.000000
-0.908954 -1.000000
-0.907954 -1.000000
-0.906953 -1.000000
-0.905953 -1.000000
-0.904952 -1.000000
-0.903952 -1.000000
-0.902951 -1.000000
-0.901951 -1.000000
-0.900950 -1.000000
-0.899950 -1.000000
-0.898949 -1.000000
-0.897949 -1.000000
-0.896948 -1.000000
-0.895948 -1.000000
-0.894947 -1.000000
-0.893947 -1.000000
-0.892946 -1.000000
-0.891946 -1.000000
-0.890945 -1.000000
-0.889945 -1.000000
-0.888944 -1.000000
-0.887944 -1.000000
-0.886943 -1.000000
-0.885943 -1.000000
-0.884942 -1.000000
-0.883942 -1.000000
-0.882941 -1.000000
-0.881941 -1.000000
-0.880940 -1.000000
-0.879940 -1.000000
-0.878939 -1.000000
-0.877939 -1.000000
-0.876938 -1.000000
-0.875938 -1.000000
-0.874937 -1.000000
-0.873937 -1.000000
-0.872936 -1.000000
-0.871936 -1.000000
-0.870935 -1.000000
-0.869935 -1.000000
-0.868934 -1.000000
-0.867934 -1.000000
-0.866933 -1.000000
-0.865933 -1.000000
-0.864932 -1.000000
-0.863932 -1.000000
-0.862931 -1.000000
-0.861931 -1.000000
-0.860930 -1.000000
-0.859930 -1.000000
-0.858929 -1.000000
-0.857929 -1.000000
-0.856928 -1.000000
-0.855928 -1.000000
-0.854927 -1.000000
-0.853927 -1.000000
-0.852926 -1.000000
-0.851926 -1.000000
-0.850925 -1.000000
-0.849925 -1.000000
-0.848924 -1.000000
-0.847924 -1.000000
-0.846923 -1.000000
-0.845923 -1.000000
-0.844922 -1.000000
-0.843922 -1.000000
-0.842921 -1.000000
-0.841921 -1.000000
-0.840920 -1.000000
-0.839920 -1.000000
-0.838919 -1.000000
-0.837919 -1.000000
-0.836918 -1.000000
-0.835918 -1.000000
-0.834917 -1.000000
-0.833917 -1.000000
-0.832916 -1.000000
-0.831916 -1.000000
-0.830915 -1.000000
-0.829915 -1.000000
-0.828914 -1.000000
-0.827914 -1.000000
-0.826913 -1.000000
-0.825913 -1.000000
-0.824912 -1.000000
-0.823912 -1.000000
-0.822911 -1.000000
-0.821911 -1.000000
-0.820910 -1.000000
-0.819910 -1.000000
-0.818909 -1.000000
-0.817909 -1.000000
-0.816908 -1.000000
-0.815908 -1.000000
-0.814907 -1.000000
-0.813907 -1.000000
-0.812906 -1.000000
-0.811906 -1.000000
-0.810905 -1.000000
-0.809905 -1.000000
-0.808904 -1.000000
-0.807904 -1.000000
-0.806903 -1.000000
-0.805903 -1.000000
-0.804902 -1.000000
-0.803902 -1.000000
-0.802901 -1.000000
-0.801901 -1.000000
-0.800900 -1.000000
-0.799900 -1.000000
-0.798899 -1.000000
-0.797899 -1.000000
-0.796898 -1.000000
-0.795898 -1.000000
-0.794897 -1.000000
-0.793897 -1.000000
-0.792896 -1.000000
-0.791896 -1.000000
-0.790895 -1.000000
-0.789895 -1.000000
-0.788894 -1.000000
-0.787894 -1.000000
-0.786893 -1.000000
-0.785893 -1.000000
-0.784892 -1.000000
-0.783892 -1.000000
-0.782891 -1.000000
-0.781891 -1.000000
-0.780890 -1.000000
-0.779890 -1.000000
-0.778889 -1.000000
-0.777889 -1.000000
-0.776888 -1.000000
-0.775888 -1.000000
-0.774887 -1.000000
-0.773887 -1.000000
-0.772886 -1.000000
-0.771886 -1.000000
-0.770885 -1.000000
-0.769885 -1.000000
-0.768884 -1.000000
-0.767884 -1.000000
-0.766883 -1.000000
-0.765883 -1.000000
-0.764882 -1.000000
-0.763882 -1.000000
-0.762881 -1.000000
-0.761881 -1.000000
-0.760880 -1.000000
-0.759880 -1.000000
-0.758879 -1.000000
-0.757879 -1.000000
-0.756878 -1.000000
-0.755878 -1.000000
-0.754877 -1.000000
-0.753877 -1.000000
-0.752876 -1.000000
-0.751876 -1.000000
-0.750875 -1.000000
-0.749875 -1.000000
-0.748874 -1.000000
-0.747874 -1.000000
-0.746873 -1.000000
-0.745873 -1.000000
-0.744872 -1.000000
-0.743872 -1.000000
-0.742871 -1.000000
-0.741871 -1.000000
-0.740870 -1.000000
-0.739870 -1.000000
-0.738869 -1.000000
-0.737869 -1.000000
-0.736868 -1.000000
-0.735868 -1.000000
-0.734867 -1.000000
-0.733867 -1.000000
-0.732866 -1.000000
-0.731866 -1.000000
-0.730865 -1.000000
-0.729865 -1.000000
-0.728864 -1.000000
-0.727864 -1.000000
-0.726863 -1.000000
-0.725863 -1.000000
-0.724862 -1.000000
-0.723862 -1.000000
-0.722861 -1.000000
-0.721861 -1.000000
-0.720860 -1.000000
-0.719860 -1.000000
-0.718859 -1.000000
-0.717859 -1.000000
-0.716858 -1.000000
-0.715858 -1.000000
-0.714857 -1.000000
-0.713857 -1.000000
-0.712856 -1.000000
-0.711856 -1.000000
-0.710855 -1.000000
-0.709855 -1.000000
-0.708854 -1.000000
-0.707854 -1.000000
-0.706853 -1.000000
-0.705853 -1.000000
-0.704852 -1.000000
-0.703852 -1.000000
-0.702851 -1.000000
-0.701851 -1.000000
-0.700850 -1.000000
-0.699850 -1.000000
-0.698849 -1.000000
-0.697849 -1.000000
-0.696848 -1.000000
-0.695848 -1.000000
-0.694847 -1.000000
-0.693847 -1.000000
-0.692846 -1.000000
-0.691846 -1.000000
-0.690845 -1.000000
-0.689845 -1.000000
-0.688844 -1.000000
-0.687844 -1.000000
-0.686843 -1.000000
-0.685843 -1.000000
-0.684842 -1.000000
-0.683842 -1.000000
-0.682841 -1.000000
-0.681841 -1.000000
-0.680840 -1.000000
-0.679840 -1.000000
-0.678839 -1.000000
-0.677839 -1.000000
-0.676838 -1.000000
-0.675838 -1.000000
-0.674837 -1.000000
-0.673837 -1.000000
-0.672836 -1.000000
-0.671836 -1.000000
-0.670835 -1.000000
-0.669835 -1.000000
-0.668834 -1.000000
-0.667834 -1.000000
-0.666833 -1.000000
-0.665833 -1.000000
-0.664832 -1.000000
-0.663832 -1.000000
-0.662831 -1.000000
-0.661831 -1.000000
-0.660830 -1.000000
-0.659830 -1.000000
-0.658829 -1.000000
-0.657829 -1.000000
-0.656828 -1.000000
-0.655828 -1.000000
-0.654827 -1.000000
-0.653827 -1.000000
-0.652826 -1.000000
-0.651826 -1.000000
-0.650825 -1.000000
-0.649825 -1.000000
-0.648824 -1.000000
-0.647824 -1.000000
-0.646823 -1.000000
-0.645823 -1.000000
-0.644822 -1.000000
-0.643822 -1.000000
-0.642821 -1.000000
-0.641821 -1.000000
-0.640820 -1.000000
-0.639820 -1.000000
-0.638819 -1.000000
-0.637819 -1.000000
-0.636818 -1.000000
-0.635818 -1.000000
-0.634817 -1.000000
-0.633817 -1.000000
-0.632816 -1.000000
-0.631816 -1.000000
-0.630815 -1.000000
-0.629815 -1.000000
-0.628814 -1.000000
-0.627814 -1.000000
-0.626813 -1.000000
-0.625813 -1.000000
-0.624812 -1.000000
-0.623812 -1.000000
-0.622811 -1.000000
-0.621811 -1.000000
-0.620810 -1.000000
-0.619810 -1.000000
-0.618809 -1.000000
-0.617809 -1.000000
-0.616808 -1.000000
-0.615808 -1.000000
-0.614807 -1.000000
-0.613807 -1.000000
-0.612806 -1.000000
-0.611806 -1.000000
-0.610805 -1.000000
-0.609805 -1.000000
-0.608804 -1.000000
-0.607804 -1.000000
-0.606803 -1.000000
-0.605803 -1.000000
-0.604802 -1.000000
-0.603802 -1.000000
-0.602801 -1.000000
-0.601801 -1.000000
-0.600800 -1.000000
-0.599800 -1.000000
-0.598799 -1.000000
-0.597799 -1.000000
-0.596798 -1.000000
-0.595798 -1.000000
-0.594797 -1.000000
-0.593797 -1.000000
-0.592796 -1.000000
-0.591796 -1.000000
-0.590795 -1.000000
-0.589795 -1.000000
-0.588794 -1.000000
-0.587794 -1.000000
-0.586793 -1.000000
-0.585793 -1.000000
-0.584792 -1.000000
-0.583792 -1.000000
-0.582791 -1.000000
-0.581791 -1.000000
-0.580790 -1.000000
-0.579790 -1.000000
-0.578789 -1.000000
-0.577789 -1.000000
-0.576788 -1.000000
-0.575788 -1.000000
-0.574787 -1.000000
-0.573787 -1.000000
-0.572786 -1.000000
-0.571786 -1.000000
-0.570785 -1.000000
-0.569785 -1.000000
-0.568784 -1.000000
-0.567784 -1.000000
-0.566783 -1.000000
-0.565783 -1.000000
-0.564782 -1.000000
-0.563782 -1.000000
-0.562781 -1.000000
-0.561781 -1.000000
-0.560780 -1.000000
-0.559780 -1.000000
-0.558779 -1.000000
-0.557779 -1.000000
-0.556778 -1.000000
-0.555778 -1.000000
-0.554777 -1.000000
-0.553777 -1.000000
-0.552776 -1.000000
-0.551776 -1.000000
-0.550775 -1.000000
-0.549775 -1.000000
-0.548774 -1.000000
-0.547774 -1.000000
-0.546773 -1.000000
-0.545773 -1.000000
-0.544772 -1.000000
-0.543772 -1.000000
-0.542771 -1.000000
-0.541771 -1.000000
-0.540770 -1.000000
-0.539770 -1.000000
-0.538769 -1.000000
-0.537769 -1.000000
-0.536768 -1.000000
-0.535768 -1.000000
-0.534767 -1.000000
-0.533767 -1.000000
-0.532766 -1.000000
-0.531766 -1.000000
-0.530765 -1.000000
-0.529765 -1.000000
-0.528764 -1.000000
-0.527764 -1.000000
-0.526763 -1.000000
-0.525763 -1.000000
-0.524762 -1.000000
-0.523762 -1.000000
-0.522761 -1.000000
-0.521761 -1.000000
-0.520760 -1.000000
-0.519760 -1.000000
-0.518759 -1.000000
-0.517759 -1.000000
-0.516758 -1.000000
-0.515758 -1.000000
-0.514757 -1.000000
-0.513757 -1.000000
-0.512756 -1.000000
-0.511756 -1.000000
-0.510755 -1.000000
-0.509755 -1.000000
-0.508754 -1.000000
-0.507754 -1.000000
-0.506753 -1.000000
-0.505753 -1.000000
-0.504752 -1.000000
-0.503752 -1.000000
-0.502751 -1.000000
-0.501751 -1.000000
-0.500750 -1.000000
-0.499750 -1.000000
-0.498749 -1.000000
-0.497749 -1.000000
-0.496748 -1.000000
-0.495748 -1.000000
-0.494747 -1.000000
-0.493747 -1.000000
-0.492746 -1.000000
-0.491746 -1.000000
-0.490745 -1.000000
-0.489745 -1.000000
-0.488744 -1.000000
-0.487744 -1.000000
-0.486743 -1.000000
-0.485743 -1.000000
-0.484742 -1.000000
-0.483742 -1.000000
-0.482741 -1.000000
-0.481741 -1.000000
-0.480740 -1.000000
-0.479740 -1.000000
-0.478739 -1.000000
-0.477739 -1.000000
-0.476738 -1.000000
-0.475738 -1.000000
-0.474737 -1.000000
-0.473737 -1.000000
-0.472736 -1.000000
-0.471736 -1.000000
-0.470735 -1.000000
-0.469735 -1.000000
-0.468734 -1.000000
-0.467734 -1.000000
-0.466733 -1.000000
-0.465733 -1.000000
-0.464732 -1.000000
-0.463732 -1.000000
-0.462731 -1.000000
-0.461731 -1.000000
-0.460730 -1.000000
-0.459730 -1.000000
-0.458729 -1.000000
-0.457729 -1.000000
-0.456728 -1.000000
-0.455728 -1.000000
-0.454727 -1.000000
-0.453727 -1.000000
-0.452726 -1.000000
-0.451726 -1.000000
-0.450725 -1.000000
-0.449725 -1.000000
-0.448724 -1.000000
-0.447724 -1.000000
-0.446723 -1.000000
-0.445723 -1.000000
-0.444722 -1.000000
-0.443722 -1.000000
-0.442721 -1.000000
-0.441721 -1.000000
-0.440720 -1.000000
-0.439720 -1.000000
-0.438719 -1.000000
-0.437719 -1.000000
-0.436718 -1.000000
-0.435718 -1.000000
-0.434717 -1.000000
-0.433717 -1.000000
-0.432716 -1.000000
-0.431716 -1.000000
-0.430715 -1.000000
-0.429715 -1.000000
-0.428714 -1.000000
-0.427714 -1.000000
-0.426713 -1.000000
-0.425713 -1.000000
-0.424712 -1.000000
-0.423712 -1.000000
-0.422711 -1.000000
-0.421711 -1.000000
-0.420710 -1.000000
-0.419710 -1.000000
-0.418709 -1.000000
-0.417709 -1.000000
-0.416708 -1.000000
-0.415708 -1.000000
-0.414707 -1.000000
-0.413707 -1.000000
-0.412706 -1.000000
-0.411706 -1.000000
-0.410705 -1.000000
-0.409705 -1.000000
-0.408704 -1.000000
-0.407704 -1.000000
-0.406703 -1.000000
-0.405703 -1.000000
-0.404702 -1.000000
-0.403702 -1.000000
-0.402701 -1.000000
-0.401701 -1.000000
-0.400700 -1.000000
-0.399700 -1.000000
-0.398699 -1.000000
-0.397699 -1.000000
-0.396698 -1.000000
-0.395698 -1.000000
-0.394697 -1.000000
-0.393697 -1.000000
-0.392696 -1.000000
-0.391696 -1.000000
-0.390695 -1.000000
-0.389695 -1.000000
-0.388694 -1.000000
-0.387694 -1.000000
-0.386693 -1.000000
-0.385693 -1.000000
-0.384692 -1.000000
-0.383692 -1.000000
-0.382691 -1.000000
-0.381691 -1.000000
-0.380690 -1.000000
-0.379690 -1.000000
-0.378689 -1.000000
-0.377689 -1.000000
-0.376688 -1.000000
-0.375688 -1.000000
-0.374687 -1.000000
-0.373687 -1.000000
-0.372686 -1.000000
-0.371686 -1.000000
-0.370685 -1.000000
-0.369685 -1.000000
-0.368684 -1.000000
-0.367684 -1.000000
-0.366683 -1.000000
-0.365683 -1.000000
-0.364682 -1.000000
-0.363682 -1.000000
-0.362681 -1.000000
-0.361681 -1.000000
-0.360680 -1.000000
-0.359680 -1.000000
-0.358679 -1.000000
-0.357679 -1.000000
-0.356678 -1.000000
-0.355678 -1.000000
-0.354677 -1.000000
-0.353677 -1.000000
-0.352676 -1.000000
-0.351676 -1.000000
-0.350675 -1.000000
-0.349675 -1.000000
-0.348674 -1.000000
-0.347674 -1.000000
-0.346673 -1.000000
-0.345673 -1.000000
-0.344672 -1.000000
-0.343672 -1.000000
-0.342671 -1.000000
-0.341671 -1.000000
-0.340670 -1.000000
-0.339670 -1.000000
-0.338669 -1.000000
-0.337669 -1.000000
-0.336668 -1.000000
-0.335668 -1.000000
-0.334667 -1.000000
-0.333667 -1.000000
-0.332666 -1.000000
-0.331666 -1.000000
-0.330665 -1.000000
-0.329665 -1.000000
-0.328664 -1.000000
-0.327664 -1.000000
-0.326663 -1.000000
-0.325663 -1.000000
-0.324662 -1.000000
-0.323662 -1.000000
-0.322661 -1.000000
-0.321661 -1.000000
-0.320660 -1.000000
-0.319660 -1.000000
-0.318659 -1.000000
-0.317659 -1.000000
-0.316658 -1.000000
-0.315658 -1.000000
-0.314657 -1.000000
-0.313657 -1.000000
-0.312656 -1.000000
-0.311656 -1.000000
-0.310655 -1.000000
-0.309655 -1.000000
-0.308654 -1.000000
-0.307654 -1.000000
-0.306653 -1.000000
-0.305653 -1.000000
-0.304652 -1.000000
-0.303652 -1.000000
-0.302651 -1.000000
-0.301651 -1.000000
-0.300650 -1.000000
-0.299650 -1.000000
-0.298649 -1.000000
-0.297649 -1.000000
-0.296648 -1.000000
-0.295648 -1.000000
-0.294647 -1.000000
-0.293647 -1.000000
-0.292646 -1.000000
-0.291646 -1.000000
-0.290645 -1.000000
-0.289645 -1.000000
-0.288644 -1.000000
-0.287644 -1.000000
-0.286643 -1.000000
-0.285643 -1.000000
-0.284642 -1.000000
-0.283642 -1.000000
-0.282641 -1.000000
-0.281641 -1.000000
-0.280640 -1.000000
-0.279640 -1.000000
-0.278639 -1.000000
-0.277639 -1.000000
-0.276638 -1.000000
-0.275638 -1.000000
-0.274637 -1.000000
-0.273637 -1.000000
-0.272636 -1.000000
-0.271636 -1.000000
-0.270635 -1.000000
-0.269635 -1.000000
-0.268634 -1.000000
-0.267634 -1.000000
-0.266633 -1.000000
-0.265633 -1.000000
-0.264632 -1.000000
-0.263632 -1.000000
-0.262631 -1.000000
-0.261631 -1.000000
-0.260630 -1.000000
-0.259630 -1.000000
-0.258629 -1.000000
-0.257629 -1.000000
-0.256628 -1.000000
-0.255628 -1.000000
-0.254627 -1.000000
-0.253627 -1.000000
-0.252626 -1.000000
-0.251626 -1.000000
-0.250625 -1.000000
-0.249625 -1.000000
-0.248624 -1.000000
-0.247624 -1.000000
-0.246623 -1.000000
-0.245623 -1.000000
-0.244622 -1.000000
-0.243622 -1.000000
-0.242621 -1.000000
-0.241621 -1.000000
-0.240620 -1.000000
-0.239620 -1.000000
-0.238619 -1.000000
-0.237619 -1.000000
-0.236618 -1.000000
-0.235618 -1.000000
-0.234617 -1.000000
-0.233617 -1.000000
-0.232616 -1.000000
-0.231616 -1.000000
-0.230615 -1.000000
-0.229615 -1.000000
-0.228614 -1.000000
-0.227614 -1.000000
-0.226613 -1.000000
-0.225613 -1.000000
-0.224612 -1.000000
-0.223612 -1.000000
-0.222611 -1.000000
-0.221611 -1.000000
-0.220610 -1.000000
-0.219610 -1.000000
-0.218609 -1.000000
-0.217609 -1.000000
-0.216608 -1.000000
-0.215608 -1.000000
-0.214607 -1.000000
-0.213607 -1.000000
-0.212606 -1.000000
-0.211606 -1.000000
-0.210605 -1.000000
-0.209605 -1.000000
-0.208604 -1.000000
-0.207604 -1.000000
-0.206603 -1.000000
-0.205603 -1.000000
-0.204602 -1.000000
-0.203602 -1.000000
-0.202601 -1.000000
-0.201601 -1.000000
-0.200600 -1.000000
-0.199600 -1.000000
-0.198599 -1.000000
-0.197599 -1.000000
-0.196598 -1.000000
-0.195598 -1.000000
-0.194597 -1.000000
-0.193597 -1.000000
-0.192596 -1.000000
-0.191596 -1.000000
-0.190595 -1.000000
-0.189595 -1.000000
-0.188594 -1.000000
-0.187594 -1.000000
-0.186593 -1.000000
-0.185593 -1.000000
-0.184592 -1.000000
-0.183592 -1.000000
-0.182591 -1.000000
-0.181591 -1.000000
-0.180590 -1.000000
-0.179590 -1.000000
-0.178589 -1.000000
-0.177589 -1.000000
-0.176588 -1.000000
-0.175588 -1.000000
-0.174587 -1.000000
-0.173587 -1.000000
-0.172586 -1.000000
-0.171586 -1.000000
-0.170585 -1.000000
-0.169585 -1.000000
-0.168584 -1.000000
-0.167584 -1.000000
-0.166583 -1.000000
-0.165583 -1.000000
-0.164582 -1.000000
-0.163582 -1.000000
-0.162581 -1.000000
-0.161581 -1.000000
-0.160580 -1.000000
-0.159580 -1.000000
-0.158579 -1.000000
-0.157579 -1.000000
-0.156578 -1.000000
-0.155578 -1.000000
-0.154577 -1.000000
-0.153577 -1.000000
-0.152576 -1.000000
-0.151576 -1.000000
-0.150575 -1.000000
-0.149575 -1.000000
-0.148574 -1.000000
-0.147574 -1.000000
-0.146573 -1.000000
-0.145573 -1.000000
-0.144572 -1.000000
-0.143572 -1.000000
-0.142571 -1.000000
-0.141571 -1.000000
-0.140570 -1.000000
-0.139570 -1.000000
-0.138569 -1.000000
-0.137569 -1.000000
-0.136568 -1.000000
-0.135568 -1.000000
-0.134567 -1.000000
-0.133567 -1.000000
-0.132566 -1.000000
-0.131566 -1.000000
-0.130565 -1.000000
-0.129565 -1.000000
-0.128564 -1.000000
-0.127564 -1.000000
-0.126563 -1.000000
-0.125563 -1.000000
-0.124562 -1.000000
-0.123562 -1.000000
-0.122561 -1.000000
-0.121561 -1.000000
-0.120560 -1.000000
-0.119560 -1.000000
-0.118559 -1.000000
-0.117559 -1.000000
-0.116558 -1.000000
-0.115558 -1.000000
-0.114557 -1.000000
-0.113557 -1.000000
-0.112556 -1.000000
-0.111556 -1.000000
-0.110555 -1.000000
-0.109555 -1.000000
-0.108554 -1.000000
-0.107554 -1.000000
-0.106553 -1.000000
-0.105553 -1.000000
-0.104552 -1.000000
-0.103552 -1.000000
-0.102551 -1.000000
-0.101551 -1.000000
-0.100550 -1.000000
-0.099550 -1.000000
-0.098549 -1.000000
-0.097549 -1.000000
-0.096548 -1.000000
-0.095548 -1.000000
-0.094547 -1.000000
-0.093547 -1.000000
-0.092546 -1.000000
-0.091546 -1.000000
-0.090545 -1.000000
-0.089545 -1.000000
-0.088544 -1.000000
-0.087544 -1.000000
-0.086543 -1.000000
-0.085543 -1.000000
-0.084542 -1.000000
-0.083542 -1.000000
-0.082541 -1.000000
-0.081541 -1.000000
-0.080540 -1.000000
-0.079540 -1.000000
-0.078539 -1.000000
-0.077539 -1.000000
-0.076538 -1.000000
-0.075538 -1.000000
-0.074537 -1.000000
-0.073537 -1.000000
-0.072536 -1.000000
-0.071536 -1.000000
-0.070535 -1.000000
-0.069535 -1.000000
-0.068534 -1.000000
-0.067534 -1.000000
-0.066533 -1.000000
-0.065533 -1.000000
-0.064532 -1.000000
-0.063532 -1.000000
-0.062531 -1.000000
-0.061531 -1.000000
-0.060530 -1.000000
-0.059530 -1.000000
-0.058529 -1.000000
-0.057529 -1.000000
-0.056528 -1.000000
-0.055528 -1.000000
-0.054527 -1.000000
-0.053527 -1.000000
-0.052526 -1.000000
-0.051526 -1.000000
-0.050525 -1.000000
-0.049525 -1.000000
-0.048524 -1.000000
-0.047524 -1.000000
-0.046523 -1.000000
-0.045523 -1.000000
-0.044522 -1.000000
-0.043522 -1.000000
-0.042521 -1.000000
-0.041521 -1.000000
-0.040520 -1.000000
-0.039520 -1.000000
-0.038519 -1.000000
-0.037519 -1.000000
-0.036518 -1.000000
-0.035518 -1.000000
-0.034517 -1.000000
-0.033517 -1.000000
-0.032516 -1.000000
-0.031516 -1.000000
-0.030515 -1.000000
-0.029515 -1.000000
-0.028514 -1.000000
-0.027514 -1.000000
-0.026513 -1.000000
-0.025513 -1.000000
-0.024512 -1.000000
-0.023512 -1.000000
-0.022511 -1.000000
-0.021511 -1.000000
-0.020510 -1.000000
-0.019510 -1.000000
-0.018509 -1.000000
-0.017509 -1.000000
-0.016508 -1.000000
-0.015508 -1.000000
-0.014507 -1.000000
-0.013507 -1.000000
-0.012506 -1.000000
-0.011506 -1.000000
-0.010505 -1.000000
-0.009505 -1.000000
-0.008504 -1.000000
-0.007504 -1.000000
-0.006503 -1.000000
-0.005503 -1.000000
-0.004502 -1.000000
-0.003502 -1.000000
-0.002501 1.000000
-0.001501 1.000000
-0.000500 1.000000
0.000500 1.000000
0.001501 1.000000
0.002501 1.000000
0.003502 1.000000
0.004502 1.000000
0.005503 1.000000
0.006503 1.000000
0.007504 1.000000
0.008504 1.000000
0.009505 1.000000
0.010505 1.000000
0.011506 1.000000
0.012506 1.000000
0.013507 1.000000
0.014507 1.000000
0.015508 1.000000
0.016508 1.000000
0.017509 1.000000
0.018509 1.000000
0.019510 1.000000
0.020510 1.000000
0.021511 1.000000
0.022511 1.000000
0.023512 1.000000
0.024512 1.000000
0.025513 1.000000
0.026513 1.000000
0.027514 1.000000
0.028514 1.000000
0.029515 1.000000
0.030515 1.000000
0.031516 1.000000
0.032516 1.000000
0.033517 1.000000
0.034517 1.000000
0.035518 1.000000
0.036518 1.000000
0.037519 1.000000
0.038519 1.000000
0.039520 1.000000
0.040520 1.000000
0.041521 1.000000
0.042521 1.000000
0.043522 1.000000
0.044522 1.000000
0.045523 1.000000
0.046523 1.000000
0.047524 1.000000
0.048524 1.000000
0.049525 1.000000
0.050525 1.000000
0.051526 1.000000
0.052526 1.000000
0.053527 1.000000
0.054527 1.000000
0.055528 1.000000
0.056528 1.000000
0.057529 1.000000
0.058529 1.000000
0.059530 1.000000
0.060530 1.000000
0.061531 1.000000
0.062531 1.000000
0.063532 1.000000
0.064532 1.000000
0.065533 1.000000
0.066533 1.000000
0.067534 1.000000
0.068534 1.000000
0.069535 1.000000
0.070535 1.000000
0.071536 1.000000
0.072536 1.000000
0.073537 1.000000
0.074537 1.000000
0.075538 1.000000
0.076538 1.000000
0.077539 1.000000
0.078539 1.000000
0.079540 1.000000
0.080540 1.000000
0.081541 1.000000
0.082541 1.000000
0.083542 1.000000
0.084542 1.000000
0.085543 1.000000
0.086543 1.000000
0.087544 1.000000
0.088544 1.000000
0.089545 1.000000
0.090545 1.000000
0.091546 1.000000
0.092546 1.000000
0.093547 1.000000
0.094547 1.000000
0.095548 1.000000
0.096548 1.000000
0.097549 1.000000
0.098549 1.000000
0.099550 1.000000
0.100550 1.000000
0.101551 1.000000
0.102551 1.000000
0.103552 1.000000
0.104552 1.000000
0.105553 1.000000
0.106553 1.000000
0.107554 1.000000
0.108554 1.000000
0.109555 1.000000
0.110555 1.000000
0.111556 1.000000
0.112556 1.000000
0.113557 1.000000
0.114557 1.000000
0.115558 1.000000
0.116558 1.000000
0.117559 1.000000
0.118559 1.000000
0.119560 1.000000
0.120560 1.000000
0.121561 1.000000
0.122561 1.000000
0.123562 1.000000
0.124562 1.000000
0.125563 1.000000
0.126563 1.000000
0.127564 1.000000
0.128564 1.000000
0.129565 1.000000
0.130565 1.000000
0.131566 1.000000
0.132566 1.000000
0.133567 1.000000
0.134567 1.000000
0.135568 1.000000
0.136568 1.000000
0.137569 1.000000
0.138569 1.000000
0.139570 1.000000
0.140570 1.000000
0.141571 1.000000
0.142571 1.000000
0.143572 1.000000
0.144572 1.000000
0.145573 1.000000
0.146573 1.000000
0.147574 1.000000
0.148574 1.000000
0.149575 1.000000
0.150575 1.000000
0.151576 1.000000
0.152576 1.000000
0.153577 1.000000
0.154577 1.000000
0.155578 1.000000
0.156578 1.000000
0.157579 1.000000
0.158579 1.000000
0.159580 1.000000
0.160580 1.000000
0.161581 1.000000
0.162581 1.000000
0.163582 1.000000
0.164582 1.000000
0.165583 1.000000
0.166583 1.000000
0.167584 1.000000
0.168584 1.000000
0.169585 1.000000
0.170585 1.000000
0.171586 1.000000
0.172586 1.000000
0.173587 1.000000
0.174587 1.000000
0.175588 1.000000
0.176588 1.000000
0.177589 1.000000
0.178589 1.000000
0.179590 1.000000
0.180590 1.000000
0.181591 1.000000
0.182591 1.000000
0.183592 1.000000
0.184592 1.000000
0.185593 1.000000
0.186593 1.000000
0.187594 1.000000
0.188594 1.000000
0.189595 1.000000
0.190595 1.000000
0.191596 1.000000
0.192596 1.000000
0.193597 1.000000
0.194597 1.000000
0.195598 1.000000
0.196598 1.000000
0.197599 1.000000
0.198599 1.000000
0.199600 1.000000
0.200600 1.000000
0.201601 1.000000
0.202601 1.000000
0.203602 1.000000
0.204602 1.000000
0.205603 1.000000
0.206603 1.000000
0.207604 1.000000
0.208604 1.000000
0.209605 1.000000
0.210605 1.000000
0.211606 1.000000
0.212606 1.000000
0.213607 1.000000
0.214607 1.000000
0.215608 1.000000
0.216608 1.000000
0.217609 1.000000
0.218609 1.000000
0.219610 1.000000
0.220610 1.000000
0.221611 1.000000
0.222611 1.000000
0.223612 1.000000
0.224612 1.000000
0.225613 1.000000
0.226613 1.000000
0.227614 1.000000
0.228614 1.000000
0.229615 1.000000
0.230615 1.000000
0.231616 1.000000
0.232616 1.000000
0.233617 1.000000
0.234617 1.000000
0.235618 1.000000
0.236618 1.000000
0.237619 1.000000
0.238619 1.000000
0.239620 1.000000
0.240620 1.000000
0.241621 1.000000
0.242621 1.000000
0.243622 1.000000
0.244622 1.000000
0.245623 1.000000
0.246623 1.000000
0.247624 1.000000
0.248624 1.000000
0.249625 1.000000
0.250625 1.000000
0.251626 1.000000
0.252626 1.000000
0.253627 1.000000
0.254627 1.000000
0.255628 1.000000
0.256628 1.000000
0.257629 1.000000
0.258629 1.000000
0.259630 1.000000
0.260630 1.000000
0.261631 1.000000
0.262631 1.000000
0.263632 1.000000
0.264632 1.000000
0.265633 1.000000
0.266633 1.000000
0.267634 1.000000
0.268634 1.000000
0.269635 1.000000
0.270635 1.000000
0.271636 1.000000
0.272636 1.000000
0.273637 1.000000
0.274637 1.000000
0.275638 1.000000
0.276638 1.000000
0.277639 1.000000
0.278639 1.000000
0.279640 1.000000
0.280640 1.000000
0.281641 1.000000
0.282641 1.000000
0.283642 1.000000
0.284642 1.000000
0.285643 1.000000
0.286643 1.000000
0.287644 1.000000
0.288644 1.000000
0.289645 1.000000
0.290645 1.000000
0.291646 1.000000
0.292646 1.000000
0.293647 1.000000
0.294647 1.000000
0.295648 1.000000
0.296648 1.000000
0.297649 1.000000
0.298649 1.000000
0.299650 1.000000
0.300650 1.000000
0.301651 1.000000
0.302651 1.000000
0.303652 1.000000
0.304652 1.000000
0.305653 1.000000
0.306653 1.000000
0.307654 1.000000
0.308654 1.000000
0.309655 1.000000
0.310655 1.000000
0.311656 1.000000
0.312656 1.000000
0.313657 1.000000
0.314657 1.000000
0.315658 1.000000
0.316658 1.000000
0.317659 1.000000
0.318659 1.000000
0.319660 1.000000
0.320660 1.000000
0.321661 1.000000
0.322661 1.000000
0.323662 1.000000
0.324662 1.000000
0.325663 1.000000
0.326663 1.000000
0.327664 1.000000
0.328664 -1.000000
0.329665 -1.000000
0.330665 -1.000000
0.331666 -1.000000
0.332666 -1.000000
0.333667 -1.000000
0.334667 -1.000000
0.335668 -1.000000
0.336668 -1.000000
0.337669 -1.000000
0.338669 -1.000000
0.339670 -1.000000
0.340670 -1.000000
0.341671 -1.000000
0.342671 -1.000000
0.343672 -1.000000
0.344672 -1.000000
0.345673 -1.000000
0.346673 -1.000000
0.347674 -1.000000
0.348674 -1.000000
0.349675 -1.000000
0.350675 -1.000000
0.351676 -1.000000
0.352676 -1.000000
0.353677 -1.000000
0.354677 -1.000000
0.355678 -1.000000
0.356678 -1.000000
0.357679 -1.000000
0.358679 -1.000000
0.359680 -1.000000
0.360680 -1.000000
0.361681 -1.000000
0.362681 -1.000000
0.363682 -1.000000
0.364682 -1.000000
0.365683 -1.000000
0.366683 -1.000000
0.367684 -1.000000
0.368684 -1.000000
0.369685 -1.000000
0.370685 1.000000
0.371686 1.000000
0.372686 1.000000
0.373687 1.000000
0.374687 1.000000
0.375688 1.000000
0.376688 1.000000
0.377689 1.000000
0.378689 1.000000
0.379690 1.000000
0.380690 1.000000
0.381691 1.000000
0.382691 1.000000
0.383692 1.000000
0.384692 1.000000
0.385693 1.000000
0.386693 1.000000
0.387694 1.000000
0.388694 1.000000
0.389695 1.000000
0.390695 1.000000
0.391696 1.000000
0.392696 1.000000
0.393697 1.000000
0.394697 1.000000
0.395698 1.000000
0.396698 1.000000
0.397699 1.000000
0.398699 1.000000
0.399700 1.000000
0.400700 1.000000
0.401701 1.000000
0.402701 1.000000
0.403702 1.000000
0.404702 1.000000
0.405703 1.000000
0.406703 1.000000
0.407704 1.000000
0.408704 1.000000
0.409705 1.000000
0.410705 1.000000
0.411706 1.000000
0.412706 1.000000
0.413707 1.000000
0.414707 1.000000
0.415708 1.000000
0.416708 1.000000
0.417709 1.000000
0.418709 1.000000
0.419710 1.000000
0.420710 1.000000
0.421711 1.000000
0.422711 1.000000
0.423712 1.000000
0.424712 1.000000
0.425713 1.000000
0.426713 1.000000
0.427714 1.000000
0.428714 1.000000
0.429715 1.000000
0.430715 1.000000
0.431716 1.000000
0.432716 1.000000
0.433717 1.000000
0.434717 1.000000
0.435718 1.000000
0.436718 1.000000
0.437719 1.000000
0.438719 1.000000
0.439720 1.000000
0.440720 1.000000
0.441721 1.000000
0.442721 1.000000
0.443722 1.000000
0.444722 1.000000
0.445723 1.000000
0.446723 1.000000
0.447724 1.000000
0.448724 1.000000
0.449725 1.000000
0.450725 1.000000
0.451726 1.000000
0.452726 1.000000
0.453727 -1.000000
0.454727 -1.000000
0.455728 -1.000000
0.456728 -1.000000
0.457729 -1.000000
0.458729 -1.000000
0.459730 -1.000000
0.460730 -1.000000
0.461731 -1.000000
0.462731 -1.000000
0.463732 -1.000000
0.464732 -1.000000
0.465733 -1.000000
0.466733 -1.000000
0.467734 -1.000000
0.468734 -1.000000
0.469735 -1.000000
0.470735 -1.000000
0.471736 -1.000000
0.472736 -1.000000
0.473737 -1.000000
0.474737 -1.000000
0.475738 -1.000000
0.476738 -1.000000
0.477739 -1.000000
0.478739 -1.000000
0.479740 -1.000000
0.480740 -1.000000
0.481741 -1.000000
0.482741 -1.000000
0.483742 -1.000000
0.484742 -1.000000
0.485743 -1.000000
0.486743 -1.000000
0.487744 -1.000000
0.488744 -1.000000
0.489745 -1.000000
0.490745 -1.000000
0.491746 -1.000000
0.492746 -1.000000
0.493747 -1.000000
0.494747 -1.000000
0.495748 -1.000000
0.496748 -1.000000
0.497749 -1.000000
0.498749 -1.000000
0.499750 -1.000000
0.500750 -1.000000
0.501751 -1.000000
0.502751 -1.000000
0.503752 -1.000000
0.504752 -1.000000
0.505753 -1.000000
0.506753 -1.000000
0.507754 -1.000000
0.508754 -1.000000
0.509755 1.000000
0.510755 1.000000
0.511756 1.000000
0.512756 1.000000
0.513757 1.000000
0.514757 1.000000
0.515758 1.000000
0.516758 1.000000
0.517759 1.000000
0.518759 1.000000
0.519760 1.000000
0.520760 1.000000
0.521761 1.000000
0.522761 1.000000
0.523762 1.000000
0.524762 1.000000
0.525763 1.000000
0.526763 1.000000
0.527764 1.000000
0.528764 1.000000
0.529765 1.000000
0.530765 1.000000
0.531766 1.000000
0.532766 1.000000
0.533767 1.000000
0.534767 1.000000
0.535768 1.000000
0.536768 1.000000
0.537769 1.000000
0.538769 1.000000
0.539770 1.000000
0.540770 1.000000
0.541771 1.000000
0.542771 1.000000
0.543772 1.000000
0.544772 1.000000
0.545773 1.000000
0.546773 1.000000
0.547774 1.000000
0.548774 1.000000
0.549775 1.000000
0.550775 1.000000
0.551776 1.000000
0.552776 1.000000
0.553777 1.000000
0.554777 1.000000
0.555778 1.000000
0.556778 1.000000
0.557779 1.000000
0.558779 1.000000
0.559780 1.000000
0.560780 1.000000
0.561781 1.000000
0.562781 1.000000
0.563782 1.000000
0.564782 1.000000
0.565783 1.000000
0.566783 1.000000
0.567784 1.000000
0.568784 1.000000
0.569785 1.000000
0.570785 1.000000
0.571786 1.000000
0.572786 1.000000
0.573787 1.000000
0.574787 1.000000
0.575788 1.000000
0.576788 1.000000
0.577789 1.000000
0.578789 1.000000
0.579790 1.000000
0.580790 1.000000
0.581791 1.000000
0.582791 1.000000
0.583792 1.000000
0.584792 1.000000
0.585793 1.000000
0.586793 1.000000
0.587794 1.000000
0.588794 1.000000
0.589795 1.000000
0.590795 1.000000
0.591796 1.000000
0.592796 1.000000
0.593797 1.000000
0.594797 1.000000
0.595798 1.000000
0.596798 1.000000
0.597799 1.000000
0.598799 1.000000
0.599800 1.000000
0.600800 1.000000
0.601801 1.000000
0.602801 1.000000
0.603802 1.000000
0.604802 1.000000
0.605803 1.000000
0.606803 1.000000
0.607804 1.000000
0.608804 1.000000
0.609805 1.000000
0.610805 1.000000
0.611806 1.000000
0.612806 1.000000
0.613807 1.000000
0.614807 1.000000
0.615808 1.000000
0.616808 1.000000
0.617809 1.000000
0.618809 1.000000
0.619810 1.000000
0.620810 1.000000
0.621811 1.000000
0.622811 1.000000
0.623812 1.000000
0.624812 1.000000
0.625813 1.000000
0.626813 1.000000
0.627814 1.000000
0.628814 1.000000
0.629815 1.000000
0.630815 1.000000
0.631816 1.000000
0.632816 1.000000
0.633817 1.000000
0.634817 1.000000
0.635818 1.000000
0.636818 1.000000
0.637819 1.000000
0.638819 1.000000
0.639820 1.000000
0.640820 1.000000
0.641821 1.000000
0.642821 1.000000
0.643822 1.000000
0.644822 1.000000
0.645823 1.000000
0.646823 1.000000
0.647824 1.000000
0.648824 1.000000
0.649825 1.000000
0.650825 1.000000
0.651826 1.000000
0.652826 1.000000
0.653827 1.000000
0.654827 1.000000
0.655828 1.000000
0.656828 1.000000
0.657829 1.000000
0.658829 1.000000
0.659830 1.000000
0.660830 1.000000
0.661831 1.000000
0.662831 1.000000
0.663832 1.000000
0.664832 1.000000
0.665833 1.000000
0.666833 1.000000
0.667834 1.000000
0.668834 1.000000
0.669835 1.000000
0.670835 1.000000
0.671836 1.000000
0.672836 1.000000
0.673837 1.000000
0.674837 1.000000
0.675838 1.000000
0.676838 1.000000
0.677839 1.000000
0.678839 1.000000
0.679840 1.000000
0.680840 1.000000
0.681841 1.000000
0.682841 1.000000
0.683842 1.000000
0.684842 1.000000
0.685843 1.000000
0.686843 1.000000
0.687844 1.000000
0.688844 1.000000
0.689845 1.000000
0.690845 1.000000
0.691846 1.000000
0.692846 1.000000
0.693847 1.000000
0.694847 1.000000
0.695848 1.000000
0.696848 1.000000
0.697849 1.000000
0.698849 1.000000
0.699850 1.000000
0.700850 1.000000
0.701851 1.000000
0.702851 1.000000
0.703852 1.000000
0.704852 1.000000
0.705853 1.000000
0.706853 1.000000
0.707854 1.000000
0.708854 1.000000
0.709855 1.000000
0.710855 1.000000
0.711856 1.000000
0.712856 1.000000
0.713857 1.000000
0.714857 1.000000
0.715858 1.000000
0.716858 1.000000
0.717859 1.000000
0.718859 1.000000
0.719860 1.000000
0.720860 1.000000
0.721861 1.000000
0.722861 1.000000
0.723862 1.000000
0.724862 1.000000
0.725863 1.000000
0.726863 1.000000
0.727864 1.000000
0.728864 1.000000
0.729865 1.000000
0.730865 1.000000
0.731866 1.000000
0.732866 1.000000
0.733867 1.000000
0.734867 1.000000
0.735868 1.000000
0.736868 1.000000
0.737869 1.000000
0.738869 1.000000
0.739870 1.000000
0.740870 1.000000
0.741871 1.000000
0.742871 1.000000
0.743872 1.000000
0.744872 1.000000
0.745873 1.000000
0.746873 1.000000
0.747874 1.000000
0.748874 1.000000
0.749875 1.000000
0.750875 1.000000
0.751876 1.000000
0.752876 1.000000
0.753877 1.000000
0.754877 1.000000
0.755878 1.000000
0.756878 1.000000
0.757879 1.000000
0.758879 1.000000
0.759880 1.000000
0.760880 1.000000
0.761881 1.000000
0.762881 1.000000
0.763882 1.000000
0.764882 1.000000
0.765883 1.000000
0.766883 1.000000
0.767884 1.000000
0.768884 1.000000
0.769885 1.000000
0.770885 1.000000
0.771886 1.000000
0.772886 1.000000
0.773887 1.000000
0.774887 1.000000
0.775888 1.000000
0.776888 1.000000
0.777889 1.000000
0.778889 1.000000
0.779890 1.000000
0.780890 1.000000
0.781891 1.000000
0.782891 1.000000
0.783892 1.000000
0.784892 1.000000
0.785893 1.000000
0.786893 1.000000
0.787894 1.000000
0.788894 1.000000
0.789895 1.000000
0.790895 1.000000
0.791896 1.000000
0.792896 1.000000
0.793897 1.000000
0.794897 1.000000
0.795898 1.000000
0.796898 1.000000
0.797899 1.000000
0.798899 1.000000
0.799900 -1.000000
0.800900 -1.000000
0.801901 -1.000000
0.802901 -1.000000
0.803902 -1.000000
0.804902 -1.000000
0.805903 -1.000000
0.806903 -1.000000
0.807904 -1.000000
0.808904 -1.000000
0.809905 -1.000000
0.810905 -1.000000
0.811906 -1.000000
0.812906 -1.000000
0.813907 -1.000000
0.814907 -1.000000
0.815908 -1.000000
0.816908 -1.000000
0.817909 -1.000000
0.818909 -1.000000
0.819910 -1.000000
0.820910 -1.000000
0.821911 -1.000000
0.822911 -1.000000
0.823912 -1.000000
0.824912 -1.000000
0.825913 -1.000000
0.826913 -1.000000
0.827914 -1.000000
0.828914 -1.000000
0.829915 -1.000000
0.830915 -1.000000
0.831916 -1.000000
0.832916 -1.000000
0.833917 -1.000000
0.834917 -1.000000
0.835918 -1.000000
0.836918 -1.000000
0.837919 -1.000000
0.838919 -1.000000
0.839920 -1.000000
0.840920 -1.000000
0.841921 -1.000000
0.842921 -1.000000
0.843922 -1.000000
0.844922 -1.000000
0.845923 -1.000000
0.846923 -1.000000
0.847924 -1.000000
0.848924 -1.000000
0.849925 -1.000000
0.850925 -1.000000
0.851926 -1.000000
0.852926 -1.000000
0.853927 -1.000000
0.854927 -1.000000
0.855928 -1.000000
0.856928 -1.000000
0.857929 1.000000
0.858929 1.000000
0.859930 1.000000
0.860930 1.000000
0.861931 1.000000
0.862931 1.000000
0.863932 1.000000
0.864932 1.000000
0.865933 1.000000
0.866933 1.000000
0.867934 1.000000
0.868934 1.000000
0.869935 1.000000
0.870935 1.000000
0.871936 1.000000
0.872936 1.000000
0.873937 1.000000
0.874937 1.000000
0.875938 1.000000
0.876938 1.000000
0.877939 1.000000
0.878939 1.000000
0.879940 1.000000
0.880940 1.000000
0.881941 1.000000
0.882941 1.000000
0.883942 1.000000
0.884942 1.000000
0.885943 1.000000
0.886943 1.000000
0.887944 1.000000
0.888944 1.000000
0.889945 1.000000
0.890945 1.000000
0.891946 1.000000
0.892946 1.000000
0.893947 1.000000
0.894947 1.000000
0.895948 1.000000
0.896948 1.000000
0.897949 1.000000
0.898949 1.000000
0.899950 1.000000
0.900950 1.000000
0.901951 1.000000
0.902951 1.000000
0.903952 1.000000
0.904952 1.000000
0.905953 1.000000
0.906953 1.000000
0.907954 1.000000
0.908954 1.000000
0.909955 1.000000
0.910955 1.000000
0.911956 1.000000
0.912956 1.000000
0.913957 1.000000
0.914957 1.000000
0.915958 1.000000
0.916958 1.000000
0.917959 1.000000
0.918959 1.000000
0.919960 1.000000
0.920960 1.000000
0.921961 1.000000
0.922961 1.000000
0.923962 1.000000
0.924962 1.000000
0.925963 1.000000
0.926963 1.000000
0.927964 1.000000
0.928964 1.000000
0.929965 1.000000
0.930965 1.000000
0.931966 1.000000
0.932966 1.000000
0.933967 -1.000000
0.934967 -1.000000
0.935968 -1.000000
0.936968 -1.000000
0.937969 -1.000000
0.938969 -1.000000
0.939970 -1.000000
0.940970 -1.000000
0.941971 -1.000000
0.942971 -1.000000
0.943972 -1.000000
0.944972 -1.000000
0.945973 -1.000000
0.946973 -1.000000
0.947974 -1.000000
0.948974 -1.000000
0.949975 -1.000000
0.950975 -1.000000
0.951976 -1.000000
0.952976 -1.000000
0.953977 -1.000000
0.954977 -1.000000
0.955978 -1.000000
0.956978 -1.000000
0.957979 -1.000000
0.958979 -1.000000
0.959980 -1.000000
0.960980 -1.000000
0.961981 -1.000000
0.962981 -1.000000
0.963982 -1.000000
0.964982 -1.000000
0.965983 -1.000000
0.966983 -1.000000
0.967984 -1.000000
0.968984 -1.000000
0.969985 -1.000000
0.970985 -1.000000
0.971986 -1.000000
0.972986 -1.000000
0.973987 -1.000000
0.974987 -1.000000
0.975988 -1.000000
0.976988 -1.000000
0.977989 -1.000000
0.978989 -1.000000
0.979990 -1.000000
0.980990 -1.000000
0.981991 -1.000000
0.982991 -1.000000
0.983992 -1.000000
0.984992 -1.000000
0.985993 -1.000000
0.986993 -1.000000
0.987994 -1.000000
0.988994 -1.000000
0.989995 -1.000000
0.990995 -1.000000
0.991996 -1.000000
0.992996 -1.000000
0.993997 -1.000000
0.994997 -1.000000
0.995998 -1.000000
0.996998 -1.000000
0.997999 -1.000000
0.998999 -1.000000
1.000000 1.000000
