-0.241379 -1.000000
0.448276 1.000000
0.931034 1.000000
0.034483 1.000000
0.379310 1.000000
0.724138 1.000000
0.172414 1.000000
1.000000 1.000000
0.310345 1.000000
-1.000000 -1.000000
-0.793103 -1.000000
0.103448 1.000000
-0.310345 -1.000000
-0.586207 -1.000000
-0.172414 -1.000000
-0.862069 -1.000000
-0.724138 -1.000000
0.517241 1.000000
-0.103448 -1.000000
-0.517241 -1.000000
-0.379310 -1.000000
0.241379 1.000000
0.655172 1.000000
0.862069 1.000000
-0.448276 -1.000000
-0.931034 -1.000000
-0.655172 -1.000000
0.586207 1.000000
-0.034483 -1.000000
0.793103 1.000000
