-1.000000 -1.000000
-0.998999 -1.000000
-0.997999 -1.000000
-0.996998 -1.000000
-0.995998 -1.000000
-0.994997 -1.000000
-0.993997 -1.000000
-0.992996 -1.000000
-0.991996 -1.000000
-0.990995 -1.000000
-0.989995 -1.000000
-0.988994 -1.000000
-0.987994 -1.000000
-0.986993 -1.000000
-0.985993 -1.000000
-0.984992 -1.000000
-0.983992 -1.000000
-0.982991 -1.000000
-0.981991 -1.000000
-0.980990 -1.000000
-0.979990 -1.000000
-0.978989 -1.000000
-0.977989 -1.000000
-0.976988 -1.000000
-0.975988 -1.000000
-0.974987 -1.000000
-0.973987 -1.000000
-0.972986 -1.000000
-0.971986 -1.000000
-0.970985 -1.000000
-0.969985 -1.000000
-0.968984 -1.000000
-0.967984 -1.000000
-0.966983 -1.000000
-0.965983 -1.000000
-0.964982 -1.000000
-0.963982 -1.000000
-0.962981 -1.000000
-0.961981 -1.000000
-0.960980 -1.000000
-0.959980 -1.000000
-0.958979 -1.000000
-0.957979 -1.000000
-0.956978 -1.000000
-0.955978 -1.000000
-0.954977 -1.000000
-0.953977 -1.000000
-0.952976 -1.000000
-0.951976 -1.000000
-0.950975 -1.000000
-0.949975 -1.000000
-0.948974 -1.000000
-0.947974 -1.000000
-0.946973 -1.000000
-0.945973 -1.000000
-0.944972 -1.000000
-0.943972 -1.000000
-0.942971 -1.000000
-0.941971 -1.000000
-0.940970 -1.000000
-0.939970 -1.000000
-0.938969 -1.000000
-0.937969 -1.000000
-0.936968 -1.000000
-0.935968 -1.000000
-0.934967 -1.000000
-0.933967 -1.000000
-0.932966 -1.000000
-0.931966 -1.000000
-0.930965 -1.000000
-0.929965 -1.000000
-0.928964 -1.000000
-0.927964 -1.000000
-0.926963 -1.000000
-0.925963 -1.000000
-0.924962 -1.000000
-0.923962 -1.000000
-0.922961 -1.000000
-0.921961 -1.000000
-0.920960 -1.000000
-0.919960 -1.000000
-0.918959 -1.000000
-0.917959 -1.000000
-0.916958 -1.000000
-0.915958 -1.000000
-0.914957 -1.000000
-0.913957 -1.000000
-0.912956 -1.000000
-0.911956 -1.000000
-0.910955 -1.000000
-0.909955 -1.000000
-0.908954 -1.000000
-0.907954 -1.000000
-0.906953 -1.000000
-0.905953 -1.000000
-0.904952 -1.000000
-0.903952 -1.000000
-0.902951 -1.000000
-0.901951 -1.000000
-0.900950 -1.000000
-0.899950 -1.000000
-0.898949 -1.000000
-0.897949 -1.000000
-0.896948 -1.000000
-0.895948 -1.000000
-0.894947 -1.000000
-0.893947 -1.000000
-0.892946 -1.000000
-0.891946 -1.000000
-0.890945 -1.000000
-0.889945 -1.000000
-0.888944 -1.000000
-0.887944 -1.000000
-0.886943 -1.000000
-0.885943 -1.000000
-0.884942 -1.000000
-0.883942 -1.000000
-0.882941 -1.000000
-0.881941 -1.000000
-0.880940 -1.000000
-0.879940 -1.000000
-0.878939 -1.000000
-0.877939 -1.000000
-0.876938 -1.000000
-0.875938 -1.000000
-0.874937 -1.000000
-0.873937 -1.000000
-0.872936 -1.000000
-0.871936 -1.000000
-0.870935 -1.000000
-0.869935 -1.000000
-0.868934 -1.000000
-0.867934 -1.000000
-0.866933 -1.000000
-0.865933 -1.000000
-0.864932 -1.000000
-0.863932 -1.000000
-0.862931 -1.000000
-0.861931 -1.000000
-0.860930 -1.000000
-0.859930 -1.000000
-0.858929 -1.000000
-0.857929 -1.000000
-0.856928 -1.000000
-0.855928 -1.000000
-0.854927 -1.000000
-0.853927 -1.000000
-0.852926 -1.000000
-0.851926 -1.000000
-0.850925 -1.000000
-0.849925 -1.000000
-0.848924 -1.000000
-0.847924 -1.000000
-0.846923 -1.000000
-0.845923 -1.000000
-0.844922 -1.000000
-0.843922 -1.000000
-0.842921 -1.000000
-0.841921 -1.000000
-0.840920 -1.000000
-0.839920 -1.000000
-0.838919 -1.000000
-0.837919 -1.000000
-0.836918 -1.000000
-0.835918 -1.000000
-0.834917 -1.000000
-0.833917 -1.000000
-0.832916 -1.000000
-0.831916 -1.000000
-0.830915 -1.000000
-0.829915 -1.000000
-0.828914 -1.000000
-0.827914 -1.000000
-0.826913 -1.000000
-0.825913 -1.000000
-0.824912 -1.000000
-0.823912 -1.000000
-0.822911 -1.000000
-0.821911 -1.000000
-0.820910 -1.000000
-0.819910 -1.000000
-0.818909 -1.000000
-0.817909 -1.000000
-0.816908 -1.000000
-0.815908 -1.000000
-0.814907 -1.000000
-0.813907 -1.000000
-0.812906 -1.000000
-0.811906 -1.000000
-0.810905 -1.000000
-0.809905 -1.000000
-0.808904 -1.000000
-0.807904 -1.000000
-0.806903 -1.000000
-0.805903 -1.000000
-0.804902 -1.000000
-0.803902 -1.000000
-0.802901 -1.000000
-0.801901 -1.000000
-0.800900 -1.000000
-0.799900 -1.000000
-0.798899 -1.000000
-0.797899 -1.000000
-0.796898 -1.000000
-0.795898 -1.000000
-0.794897 -1.000000
-0.793897 -1.000000
-0.792896 -1.000000
-0.791896 -1.000000
-0.790895 -1.000000
-0.789895 -1.000000
-0.788894 -1.000000
-0.787894 -1.000000
-0.786893 -1.000000
-0.785893 -1.000000
-0.784892 -1.000000
-0.783892 -1.000000
-0.782891 -1.000000
-0.781891 -1.000000
-0.780890 -1.000000
-0.779890 -1.000000
-0.778889 -1.000000
-0.777889 -1.000000
-0.776888 -1.000000
-0.775888 -1.000000
-0.774887 -1.000000
-0.773887 -1.000000
-0.772886 -1.000000
-0.771886 -1.000000
-0.770885 -1.000000
-0.769885 -1.000000
-0.768884 -1.000000
-0.767884 -1.000000
-0.766883 -1.000000
-0.765883 -1.000000
-0.764882 -1.000000
-0.763882 -1.000000
-0.762881 -1.000000
-0.761881 -1.000000
-0.760880 -1.000000
-0.759880 -1.000000
-0.758879 -1.000000
-0.757879 -1.000000
-0.756878 -1.000000
-0.755878 -1.000000
-0.754877 -1.000000
-0.753877 -1.000000
-0.752876 -1.000000
-0.751876 -1.000000
-0.750875 -1.000000
-0.749875 -1.000000
-0.748874 -1.000000
-0.747874 -1.000000
-0.746873 -1.000000
-0.745873 -1.000000
-0.744872 -1.000000
-0.743872 -1.000000
-0.742871 -1.000000
-0.741871 -1.000000
-0.740870 -1.000000
-0.739870 -1.000000
-0.738869 -1.000000
-0.737869 -1.000000
-0.736868 -1.000000
-0.735868 -1.000000
-0.734867 -1.000000
-0.733867 -1.000000
-0.732866 -1.000000
-0.731866 -1.000000
-0.730865 -1.000000
-0.729865 -1.000000
-0.728864 -1.000000
-0.727864 -1.000000
-0.726863 -1.000000
-0.725863 -1.000000
-0.724862 -1.000000
-0.723862 -1.000000
-0.722861 -1.000000
-0.721861 -1.000000
-0.720860 -1.000000
-0.719860 -1.000000
-0.718859 -1.000000
-0.717859 -1.000000
-0.716858 -1.000000
-0.715858 -1.000000
-0.714857 -1.000000
-0.713857 -1.000000
-0.712856 -1.000000
-0.711856 -1.000000
-0.710855 -1.000000
-0.709855 -1.000000
-0.708854 -1.000000
-0.707854 -1.000000
-0.706853 -1.000000
-0.705853 -1.000000
-0.704852 -1.000000
-0.703852 -1.000000
-0.702851 -1.000000
-0.701851 -1.000000
-0.700850 -1.000000
-0.699850 -1.000000
-0.698849 -1.000000
-0.697849 -1.000000
-0.696848 -1.000000
-0.695848 -1.000000
-0.694847 -1.000000
-0.693847 -1.000000
-0.692846 -1.000000
-0.691846 -1.000000
-0.690845 -1.000000
-0.689845 -1.000000
-0.688844 -1.000000
-0.687844 -1.000000
-0.686843 -1.000000
-0.685843 -1.000000
-0.684842 -1.000000
-0.683842 -1.000000
-0.682841 -1.000000
-0.681841 -1.000000
-0.680840 -1.000000
-0.679840 -1.000000
-0.678839 -1.000000
-0.677839 -1.000000
-0.676838 -1.000000
-0.675838 -1.000000
-0.674837 -1.000000
-0.673837 -1.000000
-0.672836 -1.000000
-0.671836 -1.000000
-0.670835 -1.000000
-0.669835 -1.000000
-0.668834 -1.000000
-0.667834 -1.000000
-0.666833 -1.000000
-0.665833 -1.000000
-0.664832 -1.000000
-0.663832 -1.000000
-0.662831 -1.000000
-0.661831 -1.000000
-0.660830 -1.000000
-0.659830 -1.000000
-0.658829 -1.000000
-0.657829 -1.000000
-0.656828 -1.000000
-0.655828 -1.000000
-0.654827 -1.000000
-0.653827 -1.000000
-0.652826 -1.000000
-0.651826 -1.000000
-0.650825 -1.000000
-0.649825 -1.000000
-0.648824 -1.000000
-0.647824 -1.000000
-0.646823 -1.000000
-0.645823 -1.000000
-0.644822 -1.000000
-0.643822 -1.000000
-0.642821 -1.000000
-0.641821 -1.000000
-0.640820 -1.000000
-0.639820 -1.000000
-0.638819 -1.000000
-0.637819 -1.000000
-0.636818 -1.000000
-0.635818 -1.000000
-0.634817 -1.000000
-0.633817 -1.000000
-0.632816 -1.000000
-0.631816 -1.000000
-0.630815 -1.000000
-0.629815 -1.000000
-0.628814 -1.000000
-0.627814 -1.000000
-0.626813 -1.000000
-0.625813 -1.000000
-0.624812 -1.000000
-0.623812 -1.000000
-0.622811 -1.000000
-0.621811 -1.000000
-0.620810 -1.000000
-0.619810 -1.000000
-0.618809 -1.000000
-0.617809 -1.000000
-0.616808 -1.000000
-0.615808 -1.000000
-0.614807 -1.000000
-0.613807 -1.000000
-0.612806 -1.000000
-0.611806 -1.000000
-0.610805 -1.000000
-0.609805 -1.000000
-0.608804 -1.000000
-0.607804 -1.000000
-0.606803 -1.000000
-0.605803 -1.000000
-0.604802 -1.000000
-0.603802 -1.000000
-0.602801 -1.000000
-0.601801 -1.000000
-0.600800 -1.000000
-0.599800 -1.000000
-0.598799 -1.000000
-0.597799 -1.000000
-0.596798 -1.000000
-0.595798 -1.000000
-0.594797 -1.000000
-0.593797 -1.000000
-0.592796 -1.000000
-0.591796 -1.000000
-0.590795 -1.000000
-0.589795 -1.000000
-0.588794 -1.000000
-0.587794 -1.000000
-0.586793 -1.000000
-0.585793 -1.000000
-0.584792 -1.000000
-0.583792 -1.000000
-0.582791 -1.000000
-0.581791 -1.000000
-0.580790 -1.000000
-0.579790 -1.000000
-0.578789 -1.000000
-0.577789 -1.000000
-0.576788 -1.000000
-0.575788 -1.000000
-0.574787 -1.000000
-0.573787 -1.000000
-0.572786 -1.000000
-0.571786 -1.000000
-0.570785 -1.000000
-0.569785 -1.000000
-0.568784 -1.000000
-0.567784 -1.000000
-0.566783 -1.000000
-0.565783 -1.000000
-0.564782 -1.000000
-0.563782 -1.000000
-0.562781 -1.000000
-0.561781 -1.000000
-0.560780 -1.000000
-0.559780 -1.000000
-0.558779 -1.000000
-0.557779 -1.000000
-0.556778 -1.000000
-0.555778 -1.000000
-0.554777 -1.000000
-0.553777 -1.000000
-0.552776 -1.000000
-0.551776 -1.000000
-0.550775 -1.000000
-0.549775 -1.000000
-0.548774 -1.000000
-0.547774 -1.000000
-0.546773 -1.000000
-0.545773 -1.000000
-0.544772 -1.000000
-0.543772 -1.000000
-0.542771 -1.000000
-0.541771 -1.000000
-0.540770 -1.000000
-0.539770 -1.000000
-0.538769 -1.000000
-0.537769 -1.000000
-0.536768 -1.000000
-0.535768 -1.000000
-0.534767 -1.000000
-0.533767 -1.000000
-0.532766 -1.000000
-0.531766 -1.000000
-0.530765 -1.000000
-0.529765 -1.000000
-0.528764 -1.000000
-0.527764 -1.000000
-0.526763 -1.000000
-0.525763 -1.000000
-0.524762 -1.000000
-0.523762 -1.000000
-0.522761 -1.000000
-0.521761 -1.000000
-0.520760 -1.000000
-0.519760 -1.000000
-0.518759 -1.000000
-0.517759 -1.000000
-0.516758 -1.000000
-0.515758 -1.000000
-0.514757 -1.000000
-0.513757 -1.000000
-0.512756 -1.000000
-0.511756 -1.000000
-0.510755 -1.000000
-0.509755 -1.000000
-0.508754 -1.000000
-0.507754 -1.000000
-0.506753 -1.000000
-0.505753 -1.000000
-0.504752 -1.000000
-0.503752 -1.000000
-0.502751 -1.000000
-0.501751 -1.000000
-0.500750 -1.000000
-0.499750 -1.000000
-0.498749 -1.000000
-0.497749 -1.000000
-0.496748 -1.000000
-0.495748 -1.000000
-0.494747 -1.000000
-0.493747 -1.000000
-0.492746 -1.000000
-0.491746 -1.000000
-0.490745 -1.000000
-0.489745 -1.000000
-0.488744 -1.000000
-0.487744 -1.000000
-0.486743 -1.000000
-0.485743 -1.000000
-0.484742 -1.000000
-0.483742 -1.000000
-0.482741 -1.000000
-0.481741 -1.000000
-0.480740 -1.000000
-0.479740 -1.000000
-0.478739 -1.000000
-0.477739 -1.000000
-0.476738 -1.000000
-0.475738 -1.000000
-0.474737 -1.000000
-0.473737 -1.000000
-0.472736 -1.000000
-0.471736 -1.000000
-0.470735 -1.000000
-0.469735 -1.000000
-0.468734 -1.000000
-0.467734 -1.000000
-0.466733 -1.000000
-0.465733 -1.000000
-0.464732 -1.000000
-0.463732 -1.000000
-0.462731 -1.000000
-0.461731 -1.000000
-0.460730 -1.000000
-0.459730 -1.000000
-0.458729 -1.000000
-0.457729 -1.000000
-0.456728 -1.000000
-0.455728 -1.000000
-0.454727 -1.000000
-0.453727 -1.000000
-0.452726 -1.000000
-0.451726 -1.000000
-0.450725 -1.000000
-0.449725 -1.000000
-0.448724 -1.000000
-0.447724 -1.000000
-0.446723 -1.000000
-0.445723 -1.000000
-0.444722 -1.000000
-0.443722 -1.000000
-0.442721 -1.000000
-0.441721 -1.000000
-0.440720 -1.000000
-0.439720 -1.000000
-0.438719 -1.000000
-0.437719 -1.000000
-0.436718 -1.000000
-0.435718 -1.000000
-0.434717 -1.000000
-0.433717 -0.999999
-0.432716 -0.999999
-0.431716 -0.999999
-0.430715 -0.999999
-0.429715 -0.999999
-0.428714 -0.999999
-0.427714 -0.999999
-0.426713 -0.999999
-0.425713 -0.999999
-0.424712 -0.999999
-0.423712 -0.999999
-0.422711 -0.999999
-0.421711 -0.999999
-0.420710 -0.999999
-0.419710 -0.999999
-0.418709 -0.999999
-0.417709 -0.999999
-0.416708 -0.999999
-0.415708 -0.999998
-0.414707 -0.999998
-0.413707 -0.999998
-0.412706 -0.999998
-0.411706 -0.999998
-0.410705 -0.999998
-0.409705 -0.999998
-0.408704 -0.999998
-0.407704 -0.999998
-0.406703 -0.999998
-0.405703 -0.999998
-0.404702 -0.999998
-0.403702 -0.999998
-0.402701 -0.999998
-0.401701 -0.999998
-0.400700 -0.999998
-0.399700 -0.999998
-0.398699 -0.999998
-0.397699 -0.999998
-0.396698 -0.999998
-0.395698 -0.999998
-0.394697 -0.999998
-0.393697 -0.999998
-0.392696 -0.999998
-0.391696 -0.999998
-0.390695 -0.999998
-0.389695 -0.999998
-0.388694 -0.999999
-0.387694 -0.999999
-0.386693 -0.999999
-0.385693 -0.999999
-0.384692 -0.999999
-0.383692 -0.999999
-0.382691 -0.999999
-0.381691 -1.000000
-0.380690 -1.000000
-0.379690 -1.000000
-0.378689 -1.000000
-0.377689 -1.000000
-0.376688 -1.000001
-0.375688 -1.000001
-0.374687 -1.000001
-0.373687 -1.000001
-0.372686 -1.000002
-0.371686 -1.000002
-0.370685 -1.000002
-0.369685 -1.000003
-0.368684 -1.000003
-0.367684 -1.000004
-0.366683 -1.000004
-0.365683 -1.000004
-0.364682 -1.000005
-0.363682 -1.000005
-0.362681 -1.000006
-0.361681 -1.000006
-0.360680 -1.000007
-0.359680 -1.000007
-0.358679 -1.000008
-0.357679 -1.000008
-0.356678 -1.000009
-0.355678 -1.000009
-0.354677 -1.000010
-0.353677 -1.000010
-0.352676 -1.000011
-0.351676 -1.000011
-0.350675 -1.000012
-0.349675 -1.000012
-0.348674 -1.000013
-0.347674 -1.000013
-0.346673 -1.000014
-0.345673 -1.000014
-0.344672 -1.000015
-0.343672 -1.000015
-0.342671 -1.000016
-0.341671 -1.000016
-0.340670 -1.000017
-0.339670 -1.000017
-0.338669 -1.000017
-0.337669 -1.000018
-0.336668 -1.000018
-0.335668 -1.000018
-0.334667 -1.000018
-0.333667 -1.000018
-0.332666 -1.000018
-0.331666 -1.000018
-0.330665 -1.000018
-0.329665 -1.000018
-0.328664 -1.000018
-0.327664 -1.000018
-0.326663 -1.000018
-0.325663 -1.000017
-0.324662 -1.000017
-0.323662 -1.000016
-0.322661 -1.000016
-0.321661 -1.000015
-0.320660 -1.000014
-0.319660 -1.000013
-0.318659 -1.000012
-0.317659 -1.000011
-0.316658 -1.000010
-0.315658 -1.000009
-0.314657 -1.000007
-0.313657 -1.000006
-0.312656 -1.000004
-0.311656 -1.000002
-0.310655 -1.000001
-0.309655 -0.999999
-0.308654 -0.999997
-0.307654 -0.999994
-0.306653 -0.999992
-0.305653 -0.999989
-0.304652 -0.999987
-0.303652 -0.999984
-0.302651 -0.999981
-0.301651 -0.999978
-0.300650 -0.999975
-0.299650 -0.999972
-0.298649 -0.999968
-0.297649 -0.999965
-0.296648 -0.999961
-0.295648 -0.999957
-0.294647 -0.999953
-0.293647 -0.999949
-0.292646 -0.999945
-0.291646 -0.999940
-0.290645 -0.999936
-0.289645 -0.999931
-0.288644 -0.999927
-0.287644 -0.999922
-0.286643 -0.999917
-0.285643 -0.999912
-0.284642 -0.999907
-0.283642 -0.999903
-0.282641 -0.999898
-0.281641 -0.999893
-0.280640 -0.999888
-0.279640 -0.999883
-0.278639 -0.999879
-0.277639 -0.999874
-0.276638 -0.999870
-0.275638 -0.999865
-0.274637 -0.999861
-0.273637 -0.999857
-0.272636 -0.999853
-0.271636 -0.999850
-0.270635 -0.999847
-0.269635 -0.999844
-0.268634 -0.999841
-0.267634 -0.999839
-0.266633 -0.999837
-0.265633 -0.999836
-0.264632 -0.999835
-0.263632 -0.999834
-0.262631 -0.999834
-0.261631 -0.999835
-0.260630 -0.999836
-0.259630 -0.999838
-0.258629 -0.999840
-0.257629 -0.999843
-0.256628 -0.999846
-0.255628 -0.999850
-0.254627 -0.999855
-0.253627 -0.999861
-0.252626 -0.999867
-0.251626 -0.999874
-0.250625 -0.999882
-0.249625 -0.999891
-0.248624 -0.999901
-0.247624 -0.999911
-0.246623 -0.999923
-0.245623 -0.999935
-0.244622 -0.999949
-0.243622 -0.999964
-0.242621 -0.999979
-0.241621 -0.999996
-0.240620 -1.000014
-0.239620 -1.000033
-0.238619 -1.000053
-0.237619 -1.000074
-0.236618 -1.000096
-0.235618 -1.000120
-0.234617 -1.000145
-0.233617 -1.000171
-0.232616 -1.000199
-0.231616 -1.000227
-0.230615 -1.000257
-0.229615 -1.000288
-0.228614 -1.000321
-0.227614 -1.000355
-0.226613 -1.000389
-0.225613 -1.000425
-0.224612 -1.000463
-0.223612 -1.000501
-0.222611 -1.000540
-0.221611 -1.000580
-0.220610 -1.000621
-0.219610 -1.000663
-0.218609 -1.000706
-0.217609 -1.000749
-0.216608 -1.000792
-0.215608 -1.000836
-0.214607 -1.000880
-0.213607 -1.000924
-0.212606 -1.000968
-0.211606 -1.001011
-0.210605 -1.001054
-0.209605 -1.001096
-0.208604 -1.001137
-0.207604 -1.001177
-0.206603 -1.001216
-0.205603 -1.001253
-0.204602 -1.001288
-0.203602 -1.001322
-0.202601 -1.001353
-0.201601 -1.001381
-0.200600 -1.001407
-0.199600 -1.001430
-0.198599 -1.001449
-0.197599 -1.001465
-0.196598 -1.001478
-0.195598 -1.001486
-0.194597 -1.001490
-0.193597 -1.001490
-0.192596 -1.001486
-0.191596 -1.001476
-0.190595 -1.001461
-0.189595 -1.001441
-0.188594 -1.001415
-0.187594 -1.001383
-0.186593 -1.001345
-0.185593 -1.001301
-0.184592 -1.001250
-0.183592 -1.001192
-0.182591 -1.001127
-0.181591 -1.001054
-0.180590 -1.000974
-0.179590 -1.000886
-0.178589 -1.000790
-0.177589 -1.000686
-0.176588 -1.000572
-0.175588 -1.000450
-0.174587 -1.000319
-0.173587 -1.000178
-0.172586 -1.000027
-0.171586 -0.999866
-0.170585 -0.999695
-0.169585 -0.999514
-0.168584 -0.999322
-0.167584 -0.999119
-0.166583 -0.998905
-0.165583 -0.998680
-0.164582 -0.998444
-0.163582 -0.998196
-0.162581 -0.997937
-0.161581 -0.997666
-0.160580 -0.997385
-0.159580 -0.997092
-0.158579 -0.996788
-0.157579 -0.996473
-0.156578 -0.996148
-0.155578 -0.995813
-0.154577 -0.995468
-0.153577 -0.995114
-0.152576 -0.994752
-0.151576 -0.994382
-0.150575 -0.994005
-0.149575 -0.993622
-0.148574 -0.993234
-0.147574 -0.992843
-0.146573 -0.992449
-0.145573 -0.992054
-0.144572 -0.991658
-0.143572 -0.991265
-0.142571 -0.990875
-0.141571 -0.990490
-0.140570 -0.990111
-0.139570 -0.989741
-0.138569 -0.989381
-0.137569 -0.989034
-0.136568 -0.988701
-0.135568 -0.988384
-0.134567 -0.988086
-0.133567 -0.987808
-0.132566 -0.987553
-0.131566 -0.987323
-0.130565 -0.987120
-0.129565 -0.986945
-0.128564 -0.986803
-0.127564 -0.986693
-0.126563 -0.986620
-0.125563 -0.986584
-0.124562 -0.986588
-0.123562 -0.986634
-0.122561 -0.986725
-0.121561 -0.986862
-0.120560 -0.987048
-0.119560 -0.987285
-0.118559 -0.987576
-0.117559 -0.987921
-0.116558 -0.988324
-0.115558 -0.988787
-0.114557 -0.989312
-0.113557 -0.989901
-0.112556 -0.990557
-0.111556 -0.991282
-0.110555 -0.992079
-0.109555 -0.992949
-0.108554 -0.993896
-0.107554 -0.994921
-0.106553 -0.996027
-0.105553 -0.997216
-0.104552 -0.998491
-0.103552 -0.999854
-0.102551 -1.001307
-0.101551 -1.002852
-0.100550 -1.004492
-0.099550 -1.006227
-0.098549 -1.008061
-0.097549 -1.009994
-0.096548 -1.012027
-0.095548 -1.014162
-0.094547 -1.016399
-0.093547 -1.018739
-0.092546 -1.021181
-0.091546 -1.023725
-0.090545 -1.026370
-0.089545 -1.029114
-0.088544 -1.031955
-0.087544 -1.034890
-0.086543 -1.037916
-0.085543 -1.041028
-0.084542 -1.044222
-0.083542 -1.047491
-0.082541 -1.050830
-0.081541 -1.054229
-0.080540 -1.057683
-0.079540 -1.061180
-0.078539 -1.064711
-0.077539 -1.068265
-0.076538 -1.071830
-0.075538 -1.075393
-0.074537 -1.078941
-0.073537 -1.082460
-0.072536 -1.085934
-0.071536 -1.089347
-0.070535 -1.092684
-0.069535 -1.095927
-0.068534 -1.099059
-0.067534 -1.102062
-0.066533 -1.104918
-0.065533 -1.107607
-0.064532 -1.110112
-0.063532 -1.112412
-0.062531 -1.114488
-0.061531 -1.116322
-0.060530 -1.117893
-0.059530 -1.119181
-0.058529 -1.120168
-0.057529 -1.120833
-0.056528 -1.121157
-0.055528 -1.121120
-0.054527 -1.120702
-0.053527 -1.119884
-0.052526 -1.118645
-0.051526 -1.116965
-0.050525 -1.114825
-0.049525 -1.112204
-0.048524 -1.109081
-0.047524 -1.105436
-0.046523 -1.101247
-0.045523 -1.096494
-0.044522 -1.091153
-0.043522 -1.085204
-0.042521 -1.078624
-0.041521 -1.071389
-0.040520 -1.063477
-0.039520 -1.054865
-0.038519 -1.045527
-0.037519 -1.035441
-0.036518 -1.024581
-0.035518 -1.012924
-0.034517 -1.000445
-0.033517 -0.987120
-0.032516 -0.972925
-0.031516 -0.957837
-0.030515 -0.941832
-0.029515 -0.924888
-0.028514 -0.906985
-0.027514 -0.888104
-0.026513 -0.868225
-0.025513 -0.847333
-0.024512 -0.825414
-0.023512 -0.802456
-0.022511 -0.778450
-0.021511 -0.753392
-0.020510 -0.727278
-0.019510 -0.700110
-0.018509 -0.671895
-0.017509 -0.642641
-0.016508 -0.612363
-0.015508 -0.581082
-0.014507 -0.548821
-0.013507 -0.515610
-0.012506 -0.481484
-0.011506 -0.446484
-0.010505 -0.410655
-0.009505 -0.374048
-0.008504 -0.336719
-0.007504 -0.298730
-0.006503 -0.260146
-0.005503 -0.221036
-0.004502 -0.181476
-0.003502 -0.141541
-0.002501 -0.101313
-0.001501 -0.060873
-0.000500 -0.020305
0.000500 0.020305
0.001501 0.060873
0.002501 0.101313
0.003502 0.141541
0.004502 0.181476
0.005503 0.221036
0.006503 0.260146
0.007504 0.298730
0.008504 0.336719
0.009505 0.374048
0.010505 0.410655
0.011506 0.446484
0.012506 0.481484
0.013507 0.515610
0.014507 0.548821
0.015508 0.581082
0.016508 0.612363
0.017509 0.642641
0.018509 0.671895
0.019510 0.700110
0.020510 0.727278
0.021511 0.753392
0.022511 0.778450
0.023512 0.802456
0.024512 0.825414
0.025513 0.847333
0.026513 0.868225
0.027514 0.888104
0.028514 0.906985
0.029515 0.924888
0.030515 0.941832
0.031516 0.957837
0.032516 0.972925
0.033517 0.987120
0.034517 1.000445
0.035518 1.012924
0.036518 1.024581
0.037519 1.035441
0.038519 1.045527
0.039520 1.054865
0.040520 1.063477
0.041521 1.071389
0.042521 1.078624
0.043522 1.085204
0.044522 1.091153
0.045523 1.096494
0.046523 1.101247
0.047524 1.105436
0.048524 1.109081
0.049525 1.112204
0.050525 1.114825
0.051526 1.116965
0.052526 1.118645
0.053527 1.119884
0.054527 1.120702
0.055528 1.121120
0.056528 1.121157
0.057529 1.120833
0.058529 1.120168
0.059530 1.119181
0.060530 1.117893
0.061531 1.116322
0.062531 1.114488
0.063532 1.112412
0.064532 1.110112
0.065533 1.107607
0.066533 1.104918
0.067534 1.102062
0.068534 1.099059
0.069535 1.095927
0.070535 1.092684
0.071536 1.089347
0.072536 1.085934
0.073537 1.082460
0.074537 1.078941
0.075538 1.075393
0.076538 1.071830
0.077539 1.068265
0.078539 1.064711
0.079540 1.061180
0.080540 1.057683
0.081541 1.054229
0.082541 1.050830
0.083542 1.047491
0.084542 1.044222
0.085543 1.041028
0.086543 1.037916
0.087544 1.034890
0.088544 1.031955
0.089545 1.029114
0.090545 1.026370
0.091546 1.023725
0.092546 1.021181
0.093547 1.018739
0.094547 1.016399
0.095548 1.014162
0.096548 1.012027
0.097549 1.009994
0.098549 1.008061
0.099550 1.006227
0.100550 1.004492
0.101551 1.002852
0.102551 1.001307
0.103552 0.999854
0.104552 0.998491
0.105553 0.997216
0.106553 0.996027
0.107554 0.994921
0.108554 0.993896
0.109555 0.992949
0.110555 0.992079
0.111556 0.991282
0.112556 0.990557
0.113557 0.989901
0.114557 0.989312
0.115558 0.988787
0.116558 0.988324
0.117559 0.987921
0.118559 0.987576
0.119560 0.987285
0.120560 0.987048
0.121561 0.986862
0.122561 0.986725
0.123562 0.986634
0.124562 0.986588
0.125563 0.986584
0.126563 0.986620
0.127564 0.986693
0.128564 0.986803
0.129565 0.986945
0.130565 0.987120
0.131566 0.987323
0.132566 0.987553
0.133567 0.987808
0.134567 0.988086
0.135568 0.988384
0.136568 0.988701
0.137569 0.989034
0.138569 0.989381
0.139570 0.989741
0.140570 0.990111
0.141571 0.990490
0.142571 0.990875
0.143572 0.991265
0.144572 0.991658
0.145573 0.992054
0.146573 0.992449
0.147574 0.992843
0.148574 0.993234
0.149575 0.993622
0.150575 0.994005
0.151576 0.994382
0.152576 0.994752
0.153577 0.995114
0.154577 0.995468
0.155578 0.995813
0.156578 0.996148
0.157579 0.996473
0.158579 0.996788
0.159580 0.997092
0.160580 0.997385
0.161581 0.997666
0.162581 0.997937
0.163582 0.998196
0.164582 0.998444
0.165583 0.998680
0.166583 0.998905
0.167584 0.999119
0.168584 0.999322
0.169585 0.999514
0.170585 0.999695
0.171586 0.999866
0.172586 1.000027
0.173587 1.000178
0.174587 1.000319
0.175588 1.000450
0.176588 1.000572
0.177589 1.000686
0.178589 1.000790
0.179590 1.000886
0.180590 1.000974
0.181591 1.001054
0.182591 1.001127
0.183592 1.001192
0.184592 1.001250
0.185593 1.001301
0.186593 1.001345
0.187594 1.001383
0.188594 1.001415
0.189595 1.001441
0.190595 1.001461
0.191596 1.001476
0.192596 1.001486
0.193597 1.001490
0.194597 1.001490
0.195598 1.001486
0.196598 1.001478
0.197599 1.001465
0.198599 1.001449
0.199600 1.001430
0.200600 1.001407
0.201601 1.001381
0.202601 1.001353
0.203602 1.001322
0.204602 1.001288
0.205603 1.001253
0.206603 1.001216
0.207604 1.001177
0.208604 1.001137
0.209605 1.001096
0.210605 1.001054
0.211606 1.001011
0.212606 1.000968
0.213607 1.000924
0.214607 1.000880
0.215608 1.000836
0.216608 1.000792
0.217609 1.000749
0.218609 1.000706
0.219610 1.000663
0.220610 1.000621
0.221611 1.000580
0.222611 1.000540
0.223612 1.000501
0.224612 1.000463
0.225613 1.000425
0.226613 1.000389
0.227614 1.000355
0.228614 1.000321
0.229615 1.000288
0.230615 1.000257
0.231616 1.000227
0.232616 1.000199
0.233617 1.000171
0.234617 1.000145
0.235618 1.000120
0.236618 1.000096
0.237619 1.000074
0.238619 1.000053
0.239620 1.000033
0.240620 1.000014
0.241621 0.999996
0.242621 0.999979
0.243622 0.999964
0.244622 0.999949
0.245623 0.999935
0.246623 0.999923
0.247624 0.999911
0.248624 0.999901
0.249625 0.999891
0.250625 0.999882
0.251626 0.999874
0.252626 0.999867
0.253627 0.999861
0.254627 0.999855
0.255628 0.999850
0.256628 0.999846
0.257629 0.999843
0.258629 0.999840
0.259630 0.999838
0.260630 0.999836
0.261631 0.999835
0.262631 0.999834
0.263632 0.999834
0.264632 0.999835
0.265633 0.999836
0.266633 0.999837
0.267634 0.999839
0.268634 0.999841
0.269635 0.999844
0.270635 0.999847
0.271636 0.999850
0.272636 0.999853
0.273637 0.999857
0.274637 0.999861
0.275638 0.999865
0.276638 0.999870
0.277639 0.999874
0.278639 0.999879
0.279640 0.999883
0.280640 0.999888
0.281641 0.999893
0.282641 0.999898
0.283642 0.999903
0.284642 0.999907
0.285643 0.999912
0.286643 0.999917
0.287644 0.999922
0.288644 0.999927
0.289645 0.999931
0.290645 0.999936
0.291646 0.999940
0.292646 0.999945
0.293647 0.999949
0.294647 0.999953
0.295648 0.999957
0.296648 0.999961
0.297649 0.999965
0.298649 0.999968
0.299650 0.999972
0.300650 0.999975
0.301651 0.999978
0.302651 0.999981
0.303652 0.999984
0.304652 0.999987
0.305653 0.999989
0.306653 0.999992
0.307654 0.999994
0.308654 0.999997
0.309655 0.999999
0.310655 1.000001
0.311656 1.000002
0.312656 1.000004
0.313657 1.000006
0.314657 1.000007
0.315658 1.000009
0.316658 1.000010
0.317659 1.000011
0.318659 1.000012
0.319660 1.000013
0.320660 1.000014
0.321661 1.000015
0.322661 1.000016
0.323662 1.000016
0.324662 1.000017
0.325663 1.000017
0.326663 1.000018
0.327664 1.000018
0.328664 1.000018
0.329665 1.000018
0.330665 1.000018
0.331666 1.000018
0.332666 1.000018
0.333667 1.000018
0.334667 1.000018
0.335668 1.000018
0.336668 1.000018
0.337669 1.000018
0.338669 1.000017
0.339670 1.000017
0.340670 1.000017
0.341671 1.000016
0.342671 1.000016
0.343672 1.000015
0.344672 1.000015
0.345673 1.000014
0.346673 1.000014
0.347674 1.000013
0.348674 1.000013
0.349675 1.000012
0.350675 1.000012
0.351676 1.000011
0.352676 1.000011
0.353677 1.000010
0.354677 1.000010
0.355678 1.000009
0.356678 1.000009
0.357679 1.000008
0.358679 1.000008
0.359680 1.000007
0.360680 1.000007
0.361681 1.000006
0.362681 1.000006
0.363682 1.000005
0.364682 1.000005
0.365683 1.000004
0.366683 1.000004
0.367684 1.000004
0.368684 1.000003
0.369685 1.000003
0.370685 1.000002
0.371686 1.000002
0.372686 1.000002
0.373687 1.000001
0.374687 1.000001
0.375688 1.000001
0.376688 1.000001
0.377689 1.000000
0.378689 1.000000
0.379690 1.000000
0.380690 1.000000
0.381691 1.000000
0.382691 0.999999
0.383692 0.999999
0.384692 0.999999
0.385693 0.999999
0.386693 0.999999
0.387694 0.999999
0.388694 0.999999
0.389695 0.999998
0.390695 0.999998
0.391696 0.999998
0.392696 0.999998
0.393697 0.999998
0.394697 0.999998
0.395698 0.999998
0.396698 0.999998
0.397699 0.999998
0.398699 0.999998
0.399700 0.999998
0.400700 0.999998
0.401701 0.999998
0.402701 0.999998
0.403702 0.999998
0.404702 0.999998
0.405703 0.999998
0.406703 0.999998
0.407704 0.999998
0.408704 0.999998
0.409705 0.999998
0.410705 0.999998
0.411706 0.999998
0.412706 0.999998
0.413707 0.999998
0.414707 0.999998
0.415708 0.999998
0.416708 0.999999
0.417709 0.999999
0.418709 0.999999
0.419710 0.999999
0.420710 0.999999
0.421711 0.999999
0.422711 0.999999
0.423712 0.999999
0.424712 0.999999
0.425713 0.999999
0.426713 0.999999
0.427714 0.999999
0.428714 0.999999
0.429715 0.999999
0.430715 0.999999
0.431716 0.999999
0.432716 0.999999
0.433717 0.999999
0.434717 1.000000
0.435718 1.000000
0.436718 1.000000
0.437719 1.000000
0.438719 1.000000
0.439720 1.000000
0.440720 1.000000
0.441721 1.000000
0.442721 1.000000
0.443722 1.000000
0.444722 1.000000
0.445723 1.000000
0.446723 1.000000
0.447724 1.000000
0.448724 1.000000
0.449725 1.000000
0.450725 1.000000
0.451726 1.000000
0.452726 1.000000
0.453727 1.000000
0.454727 1.000000
0.455728 1.000000
0.456728 1.000000
0.457729 1.000000
0.458729 1.000000
0.459730 1.000000
0.460730 1.000000
0.461731 1.000000
0.462731 1.000000
0.463732 1.000000
0.464732 1.000000
0.465733 1.000000
0.466733 1.000000
0.467734 1.000000
0.468734 1.000000
0.469735 1.000000
0.470735 1.000000
0.471736 1.000000
0.472736 1.000000
0.473737 1.000000
0.474737 1.000000
0.475738 1.000000
0.476738 1.000000
0.477739 1.000000
0.478739 1.000000
0.479740 1.000000
0.480740 1.000000
0.481741 1.000000
0.482741 1.000000
0.483742 1.000000
0.484742 1.000000
0.485743 1.000000
0.486743 1.000000
0.487744 1.000000
0.488744 1.000000
0.489745 1.000000
0.490745 1.000000
0.491746 1.000000
0.492746 1.000000
0.493747 1.000000
0.494747 1.000000
0.495748 1.000000
0.496748 1.000000
0.497749 1.000000
0.498749 1.000000
0.499750 1.000000
0.500750 1.000000
0.501751 1.000000
0.502751 1.000000
0.503752 1.000000
0.504752 1.000000
0.505753 1.000000
0.506753 1.000000
0.507754 1.000000
0.508754 1.000000
0.509755 1.000000
0.510755 1.000000
0.511756 1.000000
0.512756 1.000000
0.513757 1.000000
0.514757 1.000000
0.515758 1.000000
0.516758 1.000000
0.517759 1.000000
0.518759 1.000000
0.519760 1.000000
0.520760 1.000000
0.521761 1.000000
0.522761 1.000000
0.523762 1.000000
0.524762 1.000000
0.525763 1.000000
0.526763 1.000000
0.527764 1.000000
0.528764 1.000000
0.529765 1.000000
0.530765 1.000000
0.531766 1.000000
0.532766 1.000000
0.533767 1.000000
0.534767 1.000000
0.535768 1.000000
0.536768 1.000000
0.537769 1.000000
0.538769 1.000000
0.539770 1.000000
0.540770 1.000000
0.541771 1.000000
0.542771 1.000000
0.543772 1.000000
0.544772 1.000000
0.545773 1.000000
0.546773 1.000000
0.547774 1.000000
0.548774 1.000000
0.549775 1.000000
0.550775 1.000000
0.551776 1.000000
0.552776 1.000000
0.553777 1.000000
0.554777 1.000000
0.555778 1.000000
0.556778 1.000000
0.557779 1.000000
0.558779 1.000000
0.559780 1.000000
0.560780 1.000000
0.561781 1.000000
0.562781 1.000000
0.563782 1.000000
0.564782 1.000000
0.565783 1.000000
0.566783 1.000000
0.567784 1.000000
0.568784 1.000000
0.569785 1.000000
0.570785 1.000000
0.571786 1.000000
0.572786 1.000000
0.573787 1.000000
0.574787 1.000000
0.575788 1.000000
0.576788 1.000000
0.577789 1.000000
0.578789 1.000000
0.579790 1.000000
0.580790 1.000000
0.581791 1.000000
0.582791 1.000000
0.583792 1.000000
0.584792 1.000000
0.585793 1.000000
0.586793 1.000000
0.587794 1.000000
0.588794 1.000000
0.589795 1.000000
0.590795 1.000000
0.591796 1.000000
0.592796 1.000000
0.593797 1.000000
0.594797 1.000000
0.595798 1.000000
0.596798 1.000000
0.597799 1.000000
0.598799 1.000000
0.599800 1.000000
0.600800 1.000000
0.601801 1.000000
0.602801 1.000000
0.603802 1.000000
0.604802 1.000000
0.605803 1.000000
0.606803 1.000000
0.607804 1.000000
0.608804 1.000000
0.609805 1.000000
0.610805 1.000000
0.611806 1.000000
0.612806 1.000000
0.613807 1.000000
0.614807 1.000000
0.615808 1.000000
0.616808 1.000000
0.617809 1.000000
0.618809 1.000000
0.619810 1.000000
0.620810 1.000000
0.621811 1.000000
0.622811 1.000000
0.623812 1.000000
0.624812 1.000000
0.625813 1.000000
0.626813 1.000000
0.627814 1.000000
0.628814 1.000000
0.629815 1.000000
0.630815 1.000000
0.631816 1.000000
0.632816 1.000000
0.633817 1.000000
0.634817 1.000000
0.635818 1.000000
0.636818 1.000000
0.637819 1.000000
0.638819 1.000000
0.639820 1.000000
0.640820 1.000000
0.641821 1.000000
0.642821 1.000000
0.643822 1.000000
0.644822 1.000000
0.645823 1.000000
0.646823 1.000000
0.647824 1.000000
0.648824 1.000000
0.649825 1.000000
0.650825 1.000000
0.651826 1.000000
0.652826 1.000000
0.653827 1.000000
0.654827 1.000000
0.655828 1.000000
0.656828 1.000000
0.657829 1.000000
0.658829 1.000000
0.659830 1.000000
0.660830 1.000000
0.661831 1.000000
0.662831 1.000000
0.663832 1.000000
0.664832 1.000000
0.665833 1.000000
0.666833 1.000000
0.667834 1.000000
0.668834 1.000000
0.669835 1.000000
0.670835 1.000000
0.671836 1.000000
0.672836 1.000000
0.673837 1.000000
0.674837 1.000000
0.675838 1.000000
0.676838 1.000000
0.677839 1.000000
0.678839 1.000000
0.679840 1.000000
0.680840 1.000000
0.681841 1.000000
0.682841 1.000000
0.683842 1.000000
0.684842 1.000000
0.685843 1.000000
0.686843 1.000000
0.687844 1.000000
0.688844 1.000000
0.689845 1.000000
0.690845 1.000000
0.691846 1.000000
0.692846 1.000000
0.693847 1.000000
0.694847 1.000000
0.695848 1.000000
0.696848 1.000000
0.697849 1.000000
0.698849 1.000000
0.699850 1.000000
0.700850 1.000000
0.701851 1.000000
0.702851 1.000000
0.703852 1.000000
0.704852 1.000000
0.705853 1.000000
0.706853 1.000000
0.707854 1.000000
0.708854 1.000000
0.709855 1.000000
0.710855 1.000000
0.711856 1.000000
0.712856 1.000000
0.713857 1.000000
0.714857 1.000000
0.715858 1.000000
0.716858 1.000000
0.717859 1.000000
0.718859 1.000000
0.719860 1.000000
0.720860 1.000000
0.721861 1.000000
0.722861 1.000000
0.723862 1.000000
0.724862 1.000000
0.725863 1.000000
0.726863 1.000000
0.727864 1.000000
0.728864 1.000000
0.729865 1.000000
0.730865 1.000000
0.731866 1.000000
0.732866 1.000000
0.733867 1.000000
0.734867 1.000000
0.735868 1.000000
0.736868 1.000000
0.737869 1.000000
0.738869 1.000000
0.739870 1.000000
0.740870 1.000000
0.741871 1.000000
0.742871 1.000000
0.743872 1.000000
0.744872 1.000000
0.745873 1.000000
0.746873 1.000000
0.747874 1.000000
0.748874 1.000000
0.749875 1.000000
0.750875 1.000000
0.751876 1.000000
0.752876 1.000000
0.753877 1.000000
0.754877 1.000000
0.755878 1.000000
0.756878 1.000000
0.757879 1.000000
0.758879 1.000000
0.759880 1.000000
0.760880 1.000000
0.761881 1.000000
0.762881 1.000000
0.763882 1.000000
0.764882 1.000000
0.765883 1.000000
0.766883 1.000000
0.767884 1.000000
0.768884 1.000000
0.769885 1.000000
0.770885 1.000000
0.771886 1.000000
0.772886 1.000000
0.773887 1.000000
0.774887 1.000000
0.775888 1.000000
0.776888 1.000000
0.777889 1.000000
0.778889 1.000000
0.779890 1.000000
0.780890 1.000000
0.781891 1.000000
0.782891 1.000000
0.783892 1.000000
0.784892 1.000000
0.785893 1.000000
0.786893 1.000000
0.787894 1.000000
0.788894 1.000000
0.789895 1.000000
0.790895 1.000000
0.791896 1.000000
0.792896 1.000000
0.793897 1.000000
0.794897 1.000000
0.795898 1.000000
0.796898 1.000000
0.797899 1.000000
0.798899 1.000000
0.799900 1.000000
0.800900 1.000000
0.801901 1.000000
0.802901 1.000000
0.803902 1.000000
0.804902 1.000000
0.805903 1.000000
0.806903 1.000000
0.807904 1.000000
0.808904 1.000000
0.809905 1.000000
0.810905 1.000000
0.811906 1.000000
0.812906 1.000000
0.813907 1.000000
0.814907 1.000000
0.815908 1.000000
0.816908 1.000000
0.817909 1.000000
0.818909 1.000000
0.819910 1.000000
0.820910 1.000000
0.821911 1.000000
0.822911 1.000000
0.823912 1.000000
0.824912 1.000000
0.825913 1.000000
0.826913 1.000000
0.827914 1.000000
0.828914 1.000000
0.829915 1.000000
0.830915 1.000000
0.831916 1.000000
0.832916 1.000000
0.833917 1.000000
0.834917 1.000000
0.835918 1.000000
0.836918 1.000000
0.837919 1.000000
0.838919 1.000000
0.839920 1.000000
0.840920 1.000000
0.841921 1.000000
0.842921 1.000000
0.843922 1.000000
0.844922 1.000000
0.845923 1.000000
0.846923 1.000000
0.847924 1.000000
0.848924 1.000000
0.849925 1.000000
0.850925 1.000000
0.851926 1.000000
0.852926 1.000000
0.853927 1.000000
0.854927 1.000000
0.855928 1.000000
0.856928 1.000000
0.857929 1.000000
0.858929 1.000000
0.859930 1.000000
0.860930 1.000000
0.861931 1.000000
0.862931 1.000000
0.863932 1.000000
0.864932 1.000000
0.865933 1.000000
0.866933 1.000000
0.867934 1.000000
0.868934 1.000000
0.869935 1.000000
0.870935 1.000000
0.871936 1.000000
0.872936 1.000000
0.873937 1.000000
0.874937 1.000000
0.875938 1.000000
0.876938 1.000000
0.877939 1.000000
0.878939 1.000000
0.879940 1.000000
0.880940 1.000000
0.881941 1.000000
0.882941 1.000000
0.883942 1.000000
0.884942 1.000000
0.885943 1.000000
0.886943 1.000000
0.887944 1.000000
0.888944 1.000000
0.889945 1.000000
0.890945 1.000000
0.891946 1.000000
0.892946 1.000000
0.893947 1.000000
0.894947 1.000000
0.895948 1.000000
0.896948 1.000000
0.897949 1.000000
0.898949 1.000000
0.899950 1.000000
0.900950 1.000000
0.901951 1.000000
0.902951 1.000000
0.903952 1.000000
0.904952 1.000000
0.905953 1.000000
0.906953 1.000000
0.907954 1.000000
0.908954 1.000000
0.909955 1.000000
0.910955 1.000000
0.911956 1.000000
0.912956 1.000000
0.913957 1.000000
0.914957 1.000000
0.915958 1.000000
0.916958 1.000000
0.917959 1.000000
0.918959 1.000000
0.919960 1.000000
0.920960 1.000000
0.921961 1.000000
0.922961 1.000000
0.923962 1.000000
0.924962 1.000000
0.925963 1.000000
0.926963 1.000000
0.927964 1.000000
0.928964 1.000000
0.929965 1.000000
0.930965 1.000000
0.931966 1.000000
0.932966 1.000000
0.933967 1.000000
0.934967 1.000000
0.935968 1.000000
0.936968 1.000000
0.937969 1.000000
0.938969 1.000000
0.939970 1.000000
0.940970 1.000000
0.941971 1.000000
0.942971 1.000000
0.943972 1.000000
0.944972 1.000000
0.945973 1.000000
0.946973 1.000000
0.947974 1.000000
0.948974 1.000000
0.949975 1.000000
0.950975 1.000000
0.951976 1.000000
0.952976 1.000000
0.953977 1.000000
0.954977 1.000000
0.955978 1.000000
0.956978 1.000000
0.957979 1.000000
0.958979 1.000000
0.959980 1.000000
0.960980 1.000000
0.961981 1.000000
0.962981 1.000000
0.963982 1.000000
0.964982 1.000000
0.965983 1.000000
0.966983 1.000000
0.967984 1.000000
0.968984 1.000000
0.969985 1.000000
0.970985 1.000000
0.971986 1.000000
0.972986 1.000000
0.973987 1.000000
0.974987 1.000000
0.975988 1.000000
0.976988 1.000000
0.977989 1.000000
0.978989 1.000000
0.979990 1.000000
0.980990 1.000000
0.981991 1.000000
0.982991 1.000000
0.983992 1.000000
0.984992 1.000000
0.985993 1.000000
0.986993 1.000000
0.987994 1.000000
0.988994 1.000000
0.989995 1.000000
0.990995 1.000000
0.991996 1.000000
0.992996 1.000000
0.993997 1.000000
0.994997 1.000000
0.995998 1.000000
0.996998 1.000000
0.997999 1.000000
0.998999 1.000000
1.000000 1.000000
