-1.000000 -1.000000
-0.998999 -1.048371
-0.997999 -1.093723
-0.996998 -1.136151
-0.995998 -1.175747
-0.994997 -1.212603
-0.993997 -1.246809
-0.992996 -1.278454
-0.991996 -1.307624
-0.990995 -1.334406
-0.989995 -1.358884
-0.988994 -1.381142
-0.987994 -1.401260
-0.986993 -1.419319
-0.985993 -1.435397
-0.984992 -1.449574
-0.983992 -1.461924
-0.982991 -1.472522
-0.981991 -1.481441
-0.980990 -1.488754
-0.979990 -1.494531
-0.978989 -1.498841
-0.977989 -1.501751
-0.976988 -1.503329
-0.975988 -1.503638
-0.974987 -1.502743
-0.973987 -1.500706
-0.972986 -1.497587
-0.971986 -1.493447
-0.970985 -1.488342
-0.969985 -1.482331
-0.968984 -1.475467
-0.967984 -1.467806
-0.966983 -1.459399
-0.965983 -1.450299
-0.964982 -1.440554
-0.963982 -1.430215
-0.962981 -1.419327
-0.961981 -1.407938
-0.960980 -1.396091
-0.959980 -1.383831
-0.958979 -1.371199
-0.957979 -1.358236
-0.956978 -1.344982
-0.955978 -1.331476
-0.954977 -1.317753
-0.953977 -1.303851
-0.952976 -1.289803
-0.951976 -1.275643
-0.950975 -1.261404
-0.949975 -1.247115
-0.948974 -1.232808
-0.947974 -1.218511
-0.946973 -1.204250
-0.945973 -1.190053
-0.944972 -1.175945
-0.943972 -1.161950
-0.942971 -1.148090
-0.941971 -1.134387
-0.940970 -1.120863
-0.939970 -1.107537
-0.938969 -1.094428
-0.937969 -1.081553
-0.936968 -1.068929
-0.935968 -1.056572
-0.934967 -1.044496
-0.933967 -1.032715
-0.932966 -1.021242
-0.931966 -1.010088
-0.930965 -0.999264
-0.929965 -0.988781
-0.928964 -0.978647
-0.927964 -0.968870
-0.926963 -0.959458
-0.925963 -0.950417
-0.924962 -0.941754
-0.923962 -0.933472
-0.922961 -0.925576
-0.921961 -0.918069
-0.920960 -0.910955
-0.919960 -0.904234
-0.918959 -0.897908
-0.917959 -0.891977
-0.916958 -0.886442
-0.915958 -0.881301
-0.914957 -0.876553
-0.913957 -0.872196
-0.912956 -0.868227
-0.911956 -0.864644
-0.910955 -0.861441
-0.909955 -0.858616
-0.908954 -0.856162
-0.907954 -0.854076
-0.906953 -0.852350
-0.905953 -0.850980
-0.904952 -0.849957
-0.903952 -0.849276
-0.902951 -0.848929
-0.901951 -0.848907
-0.900950 -0.849203
-0.899950 -0.849808
-0.898949 -0.850714
-0.897949 -0.851911
-0.896948 -0.853390
-0.895948 -0.855141
-0.894947 -0.857155
-0.893947 -0.859421
-0.892946 -0.861930
-0.891946 -0.864670
-0.890945 -0.867631
-0.889945 -0.870802
-0.888944 -0.874173
-0.887944 -0.877733
-0.886943 -0.881470
-0.885943 -0.885374
-0.884942 -0.889433
-0.883942 -0.893636
-0.882941 -0.897972
-0.881941 -0.902429
-0.880940 -0.906998
-0.879940 -0.911666
-0.878939 -0.916422
-0.877939 -0.921255
-0.876938 -0.926156
-0.875938 -0.931111
-0.874937 -0.936112
-0.873937 -0.941147
-0.872936 -0.946207
-0.871936 -0.951280
-0.870935 -0.956356
-0.869935 -0.961427
-0.868934 -0.966481
-0.867934 -0.971510
-0.866933 -0.976503
-0.865933 -0.981453
-0.864932 -0.986351
-0.863932 -0.991187
-0.862931 -0.995953
-0.861931 -1.000642
-0.860930 -1.005245
-0.859930 -1.009756
-0.858929 -1.014166
-0.857929 -1.018469
-0.856928 -1.022659
-0.855928 -1.026729
-0.854927 -1.030674
-0.853927 -1.034487
-0.852926 -1.038164
-0.851926 -1.041699
-0.850925 -1.045088
-0.849925 -1.048327
-0.848924 -1.051411
-0.847924 -1.054337
-0.846923 -1.057103
-0.845923 -1.059705
-0.844922 -1.062140
-0.843922 -1.064406
-0.842921 -1.066503
-0.841921 -1.068427
-0.840920 -1.070178
-0.839920 -1.071756
-0.838919 -1.073159
-0.837919 -1.074389
-0.836918 -1.075444
-0.835918 -1.076325
-0.834917 -1.077034
-0.833917 -1.077571
-0.832916 -1.077939
-0.831916 -1.078138
-0.830915 -1.078172
-0.829915 -1.078042
-0.828914 -1.077751
-0.827914 -1.077302
-0.826913 -1.076698
-0.825913 -1.075943
-0.824912 -1.075041
-0.823912 -1.073996
-0.822911 -1.072811
-0.821911 -1.071491
-0.820910 -1.070041
-0.819910 -1.068465
-0.818909 -1.066770
-0.817909 -1.064959
-0.816908 -1.063038
-0.815908 -1.061012
-0.814907 -1.058888
-0.813907 -1.056671
-0.812906 -1.054367
-0.811906 -1.051982
-0.810905 -1.049521
-0.809905 -1.046992
-0.808904 -1.044399
-0.807904 -1.041750
-0.806903 -1.039050
-0.805903 -1.036307
-0.804902 -1.033525
-0.803902 -1.030712
-0.802901 -1.027873
-0.801901 -1.025015
-0.800900 -1.022145
-0.799900 -1.019267
-0.798899 -1.016389
-0.797899 -1.013516
-0.796898 -1.010654
-0.795898 -1.007809
-0.794897 -1.004987
-0.793897 -1.002193
-0.792896 -0.999432
-0.791896 -0.996710
-0.790895 -0.994032
-0.789895 -0.991403
-0.788894 -0.988828
-0.787894 -0.986312
-0.786893 -0.983858
-0.785893 -0.981471
-0.784892 -0.979156
-0.783892 -0.976915
-0.782891 -0.974754
-0.781891 -0.972674
-0.780890 -0.970680
-0.779890 -0.968774
-0.778889 -0.966959
-0.777889 -0.965238
-0.776888 -0.963613
-0.775888 -0.962086
-0.774887 -0.960658
-0.773887 -0.959333
-0.772886 -0.958110
-0.771886 -0.956991
-0.770885 -0.955977
-0.769885 -0.955069
-0.768884 -0.954267
-0.767884 -0.953571
-0.766883 -0.952982
-0.765883 -0.952499
-0.764882 -0.952121
-0.763882 -0.951848
-0.762881 -0.951680
-0.761881 -0.951615
-0.760880 -0.951652
-0.759880 -0.951789
-0.758879 -0.952025
-0.757879 -0.952358
-0.756878 -0.952786
-0.755878 -0.953307
-0.754877 -0.953918
-0.753877 -0.954618
-0.752876 -0.955403
-0.751876 -0.956271
-0.750875 -0.957219
-0.749875 -0.958244
-0.748874 -0.959343
-0.747874 -0.960512
-0.746873 -0.961749
-0.745873 -0.963050
-0.744872 -0.964412
-0.743872 -0.965830
-0.742871 -0.967302
-0.741871 -0.968824
-0.740870 -0.970393
-0.739870 -0.972003
-0.738869 -0.973652
-0.737869 -0.975337
-0.736868 -0.977052
-0.735868 -0.978795
-0.734867 -0.980562
-0.733867 -0.982348
-0.732866 -0.984150
-0.731866 -0.985965
-0.730865 -0.987788
-0.729865 -0.989616
-0.728864 -0.991446
-0.727864 -0.993273
-0.726863 -0.995095
-0.725863 -0.996907
-0.724862 -0.998707
-0.723862 -1.000490
-0.722861 -1.002255
-0.721861 -1.003997
-0.720860 -1.005713
-0.719860 -1.007401
-0.718859 -1.009057
-0.717859 -1.010679
-0.716858 -1.012264
-0.715858 -1.013809
-0.714857 -1.015312
-0.713857 -1.016771
-0.712856 -1.018182
-0.711856 -1.019545
-0.710855 -1.020856
-0.709855 -1.022113
-0.708854 -1.023316
-0.707854 -1.024462
-0.706853 -1.025549
-0.705853 -1.026577
-0.704852 -1.027542
-0.703852 -1.028446
-0.702851 -1.029285
-0.701851 -1.030059
-0.700850 -1.030768
-0.699850 -1.031410
-0.698849 -1.031984
-0.697849 -1.032491
-0.696848 -1.032929
-0.695848 -1.033299
-0.694847 -1.033600
-0.693847 -1.033832
-0.692846 -1.033995
-0.691846 -1.034089
-0.690845 -1.034114
-0.689845 -1.034072
-0.688844 -1.033961
-0.687844 -1.033783
-0.686843 -1.033539
-0.685843 -1.033229
-0.684842 -1.032855
-0.683842 -1.032416
-0.682841 -1.031915
-0.681841 -1.031352
-0.680840 -1.030729
-0.679840 -1.030047
-0.678839 -1.029308
-0.677839 -1.028512
-0.676838 -1.027663
-0.675838 -1.026761
-0.674837 -1.025808
-0.673837 -1.024807
-0.672836 -1.023758
-0.671836 -1.022665
-0.670835 -1.021529
-0.669835 -1.020353
-0.668834 -1.019138
-0.667834 -1.017888
-0.666833 -1.016603
-0.665833 -1.015288
-0.664832 -1.013943
-0.663832 -1.012573
-0.662831 -1.011178
-0.661831 -1.009763
-0.660830 -1.008329
-0.659830 -1.006879
-0.658829 -1.005416
-0.657829 -1.003942
-0.656828 -1.002461
-0.655828 -1.000975
-0.654827 -0.999487
-0.653827 -0.997999
-0.652826 -0.996515
-0.651826 -0.995036
-0.650825 -0.993567
-0.649825 -0.992110
-0.648824 -0.990666
-0.647824 -0.989240
-0.646823 -0.987834
-0.645823 -0.986451
-0.644822 -0.985093
-0.643822 -0.983762
-0.642821 -0.982463
-0.641821 -0.981196
-0.640820 -0.979965
-0.639820 -0.978771
-0.638819 -0.977618
-0.637819 -0.976508
-0.636818 -0.975442
-0.635818 -0.974424
-0.634817 -0.973455
-0.633817 -0.972537
-0.632816 -0.971672
-0.631816 -0.970863
-0.630815 -0.970110
-0.629815 -0.969415
-0.628814 -0.968781
-0.627814 -0.968208
-0.626813 -0.967698
-0.625813 -0.967252
-0.624812 -0.966871
-0.623812 -0.966557
-0.622811 -0.966310
-0.621811 -0.966131
-0.620810 -0.966020
-0.619810 -0.965979
-0.618809 -0.966007
-0.617809 -0.966105
-0.616808 -0.966273
-0.615808 -0.966510
-0.614807 -0.966818
-0.613807 -0.967195
-0.612806 -0.967642
-0.611806 -0.968157
-0.610805 -0.968740
-0.609805 -0.969389
-0.608804 -0.970106
-0.607804 -0.970887
-0.606803 -0.971732
-0.605803 -0.972639
-0.604802 -0.973607
-0.603802 -0.974635
-0.602801 -0.975720
-0.601801 -0.976861
-0.600800 -0.978055
-0.599800 -0.979301
-0.598799 -0.980597
-0.597799 -0.981939
-0.596798 -0.983325
-0.595798 -0.984753
-0.594797 -0.986221
-0.593797 -0.987724
-0.592796 -0.989262
-0.591796 -0.990829
-0.590795 -0.992424
-0.589795 -0.994043
-0.588794 -0.995684
-0.587794 -0.997342
-0.586793 -0.999014
-0.585793 -1.000698
-0.584792 -1.002389
-0.583792 -1.004084
-0.582791 -1.005780
-0.581791 -1.007473
-0.580790 -1.009160
-0.579790 -1.010837
-0.578789 -1.012500
-0.577789 -1.014146
-0.576788 -1.015771
-0.575788 -1.017372
-0.574787 -1.018946
-0.573787 -1.020488
-0.572786 -1.021995
-0.571786 -1.023465
-0.570785 -1.024893
-0.569785 -1.026277
-0.568784 -1.027613
-0.567784 -1.028899
-0.566783 -1.030130
-0.565783 -1.031305
-0.564782 -1.032420
-0.563782 -1.033473
-0.562781 -1.034462
-0.561781 -1.035383
-0.560780 -1.036234
-0.559780 -1.037014
-0.558779 -1.037719
-0.557779 -1.038350
-0.556778 -1.038902
-0.555778 -1.039376
-0.554777 -1.039769
-0.553777 -1.040080
-0.552776 -1.040308
-0.551776 -1.040453
-0.550775 -1.040513
-0.549775 -1.040488
-0.548774 -1.040378
-0.547774 -1.040182
-0.546773 -1.039900
-0.545773 -1.039533
-0.544772 -1.039081
-0.543772 -1.038545
-0.542771 -1.037924
-0.541771 -1.037221
-0.540770 -1.036436
-0.539770 -1.035571
-0.538769 -1.034627
-0.537769 -1.033606
-0.536768 -1.032509
-0.535768 -1.031340
-0.534767 -1.030099
-0.533767 -1.028790
-0.532766 -1.027414
-0.531766 -1.025975
-0.530765 -1.024476
-0.529765 -1.022919
-0.528764 -1.021308
-0.527764 -1.019645
-0.526763 -1.017936
-0.525763 -1.016182
-0.524762 -1.014387
-0.523762 -1.012556
-0.522761 -1.010692
-0.521761 -1.008799
-0.520760 -1.006882
-0.519760 -1.004943
-0.518759 -1.002988
-0.517759 -1.001021
-0.516758 -0.999046
-0.515758 -0.997067
-0.514757 -0.995088
-0.513757 -0.993114
-0.512756 -0.991150
-0.511756 -0.989199
-0.510755 -0.987266
-0.509755 -0.985355
-0.508754 -0.983471
-0.507754 -0.981617
-0.506753 -0.979798
-0.505753 -0.978018
-0.504752 -0.976281
-0.503752 -0.974590
-0.502751 -0.972951
-0.501751 -0.971365
-0.500750 -0.969838
-0.499750 -0.968372
-0.498749 -0.966971
-0.497749 -0.965637
-0.496748 -0.964375
-0.495748 -0.963187
-0.494747 -0.962075
-0.493747 -0.961043
-0.492746 -0.960092
-0.491746 -0.959225
-0.490745 -0.958444
-0.489745 -0.957751
-0.488744 -0.957147
-0.487744 -0.956634
-0.486743 -0.956212
-0.485743 -0.955884
-0.484742 -0.955649
-0.483742 -0.955508
-0.482741 -0.955463
-0.481741 -0.955511
-0.480740 -0.955655
-0.479740 -0.955893
-0.478739 -0.956224
-0.477739 -0.956649
-0.476738 -0.957166
-0.475738 -0.957774
-0.474737 -0.958471
-0.473737 -0.959256
-0.472736 -0.960127
-0.471736 -0.961083
-0.470735 -0.962120
-0.469735 -0.963236
-0.468734 -0.964430
-0.467734 -0.965697
-0.466733 -0.967036
-0.465733 -0.968443
-0.464732 -0.969914
-0.463732 -0.971447
-0.462731 -0.973038
-0.461731 -0.974682
-0.460730 -0.976377
-0.459730 -0.978119
-0.458729 -0.979902
-0.457729 -0.981724
-0.456728 -0.983580
-0.455728 -0.985465
-0.454727 -0.987375
-0.453727 -0.989307
-0.452726 -0.991254
-0.451726 -0.993214
-0.450725 -0.995181
-0.449725 -0.997151
-0.448724 -0.999119
-0.447724 -1.001082
-0.446723 -1.003033
-0.445723 -1.004970
-0.444722 -1.006887
-0.443722 -1.008780
-0.442721 -1.010645
-0.441721 -1.012478
-0.440720 -1.014275
-0.439720 -1.016032
-0.438719 -1.017744
-0.437719 -1.019408
-0.436718 -1.021021
-0.435718 -1.022579
-0.434717 -1.024079
-0.433717 -1.025517
-0.432716 -1.026890
-0.431716 -1.028196
-0.430715 -1.029432
-0.429715 -1.030596
-0.428714 -1.031684
-0.427714 -1.032696
-0.426713 -1.033629
-0.425713 -1.034482
-0.424712 -1.035252
-0.423712 -1.035939
-0.422711 -1.036542
-0.421711 -1.037060
-0.420710 -1.037493
-0.419710 -1.037839
-0.418709 -1.038099
-0.417709 -1.038273
-0.416708 -1.038361
-0.415708 -1.038363
-0.414707 -1.038281
-0.413707 -1.038115
-0.412706 -1.037867
-0.411706 -1.037537
-0.410705 -1.037128
-0.409705 -1.036641
-0.408704 -1.036077
-0.407704 -1.035440
-0.406703 -1.034732
-0.405703 -1.033954
-0.404702 -1.033110
-0.403702 -1.032202
-0.402701 -1.031234
-0.401701 -1.030209
-0.400700 -1.029129
-0.399700 -1.027998
-0.398699 -1.026820
-0.397699 -1.025598
-0.396698 -1.024335
-0.395698 -1.023037
-0.394697 -1.021705
-0.393697 -1.020345
-0.392696 -1.018960
-0.391696 -1.017555
-0.390695 -1.016132
-0.389695 -1.014697
-0.388694 -1.013252
-0.387694 -1.011803
-0.386693 -1.010353
-0.385693 -1.008907
-0.384692 -1.007467
-0.383692 -1.006038
-0.382691 -1.004623
-0.381691 -1.003227
-0.380690 -1.001853
-0.379690 -1.000504
-0.378689 -0.999184
-0.377689 -0.997897
-0.376688 -0.996644
-0.375688 -0.995430
-0.374687 -0.994257
-0.373687 -0.993128
-0.372686 -0.992045
-0.371686 -0.991012
-0.370685 -0.990029
-0.369685 -0.989100
-0.368684 -0.988225
-0.367684 -0.987407
-0.366683 -0.986648
-0.365683 -0.985947
-0.364682 -0.985307
-0.363682 -0.984728
-0.362681 -0.984211
-0.361681 -0.983756
-0.360680 -0.983364
-0.359680 -0.983034
-0.358679 -0.982766
-0.357679 -0.982560
-0.356678 -0.982415
-0.355678 -0.982331
-0.354677 -0.982305
-0.353677 -0.982338
-0.352676 -0.982427
-0.351676 -0.982571
-0.350675 -0.982768
-0.349675 -0.983016
-0.348674 -0.983313
-0.347674 -0.983656
-0.346673 -0.984043
-0.345673 -0.984472
-0.344672 -0.984939
-0.343672 -0.985441
-0.342671 -0.985976
-0.341671 -0.986541
-0.340670 -0.987131
-0.339670 -0.987745
-0.338669 -0.988377
-0.337669 -0.989026
-0.336668 -0.989686
-0.335668 -0.990355
-0.334667 -0.991030
-0.333667 -0.991706
-0.332666 -0.992379
-0.331666 -0.993047
-0.330665 -0.993705
-0.329665 -0.994351
-0.328664 -0.994979
-0.327664 -0.995588
-0.326663 -0.996173
-0.325663 -0.996732
-0.324662 -0.997260
-0.323662 -0.997756
-0.322661 -0.998216
-0.321661 -0.998636
-0.320660 -0.999016
-0.319660 -0.999351
-0.318659 -0.999640
-0.317659 -0.999880
-0.316658 -1.000069
-0.315658 -1.000207
-0.314657 -1.000290
-0.313657 -1.000317
-0.312656 -1.000288
-0.311656 -1.000202
-0.310655 -1.000057
-0.309655 -0.999853
-0.308654 -0.999591
-0.307654 -0.999269
-0.306653 -0.998889
-0.305653 -0.998450
-0.304652 -0.997954
-0.303652 -0.997402
-0.302651 -0.996794
-0.301651 -0.996133
-0.300650 -0.995420
-0.299650 -0.994656
-0.298649 -0.993846
-0.297649 -0.992990
-0.296648 -0.992091
-0.295648 -0.991154
-0.294647 -0.990179
-0.293647 -0.989173
-0.292646 -0.988136
-0.291646 -0.987075
-0.290645 -0.985992
-0.289645 -0.984892
-0.288644 -0.983778
-0.287644 -0.982657
-0.286643 -0.981531
-0.285643 -0.980406
-0.284642 -0.979287
-0.283642 -0.978179
-0.282641 -0.977087
-0.281641 -0.976016
-0.280640 -0.974970
-0.279640 -0.973956
-0.278639 -0.972979
-0.277639 -0.972043
-0.276638 -0.971154
-0.275638 -0.970318
-0.274637 -0.969539
-0.273637 -0.968822
-0.272636 -0.968172
-0.271636 -0.967595
-0.270635 -0.967095
-0.269635 -0.966676
-0.268634 -0.966344
-0.267634 -0.966101
-0.266633 -0.965954
-0.265633 -0.965904
-0.264632 -0.965957
-0.263632 -0.966115
-0.262631 -0.966382
-0.261631 -0.966761
-0.260630 -0.967253
-0.259630 -0.967862
-0.258629 -0.968590
-0.257629 -0.969438
-0.256628 -0.970407
-0.255628 -0.971499
-0.254627 -0.972715
-0.253627 -0.974054
-0.252626 -0.975516
-0.251626 -0.977101
-0.250625 -0.978808
-0.249625 -0.980637
-0.248624 -0.982584
-0.247624 -0.984649
-0.246623 -0.986828
-0.245623 -0.989119
-0.244622 -0.991520
-0.243622 -0.994025
-0.242621 -0.996631
-0.241621 -0.999334
-0.240620 -1.002128
-0.239620 -1.005009
-0.238619 -1.007972
-0.237619 -1.011009
-0.236618 -1.014115
-0.235618 -1.017284
-0.234617 -1.020508
-0.233617 -1.023780
-0.232616 -1.027092
-0.231616 -1.030437
-0.230615 -1.033807
-0.229615 -1.037192
-0.228614 -1.040586
-0.227614 -1.043978
-0.226613 -1.047359
-0.225613 -1.050722
-0.224612 -1.054055
-0.223612 -1.057350
-0.222611 -1.060598
-0.221611 -1.063788
-0.220610 -1.066911
-0.219610 -1.069957
-0.218609 -1.072917
-0.217609 -1.075780
-0.216608 -1.078538
-0.215608 -1.081180
-0.214607 -1.083697
-0.213607 -1.086081
-0.212606 -1.088321
-0.211606 -1.090408
-0.210605 -1.092335
-0.209605 -1.094092
-0.208604 -1.095671
-0.207604 -1.097064
-0.206603 -1.098264
-0.205603 -1.099263
-0.204602 -1.100055
-0.203602 -1.100633
-0.202601 -1.100990
-0.201601 -1.101122
-0.200600 -1.101022
-0.199600 -1.100687
-0.198599 -1.100111
-0.197599 -1.099292
-0.196598 -1.098226
-0.195598 -1.096911
-0.194597 -1.095344
-0.193597 -1.093525
-0.192596 -1.091452
-0.191596 -1.089125
-0.190595 -1.086544
-0.189595 -1.083712
-0.188594 -1.080628
-0.187594 -1.077297
-0.186593 -1.073720
-0.185593 -1.069901
-0.184592 -1.065845
-0.183592 -1.061557
-0.182591 -1.057042
-0.181591 -1.052306
-0.180590 -1.047357
-0.179590 -1.042201
-0.178589 -1.036848
-0.177589 -1.031306
-0.176588 -1.025583
-0.175588 -1.019691
-0.174587 -1.013640
-0.173587 -1.007441
-0.172586 -1.001105
-0.171586 -0.994645
-0.170585 -0.988074
-0.169585 -0.981403
-0.168584 -0.974648
-0.167584 -0.967822
-0.166583 -0.960940
-0.165583 -0.954016
-0.164582 -0.947065
-0.163582 -0.940103
-0.162581 -0.933146
-0.161581 -0.926209
-0.160580 -0.919308
-0.159580 -0.912461
-0.158579 -0.905683
-0.157579 -0.898992
-0.156578 -0.892403
-0.155578 -0.885933
-0.154577 -0.879599
-0.153577 -0.873418
-0.152576 -0.867405
-0.151576 -0.861579
-0.150575 -0.855954
-0.149575 -0.850547
-0.148574 -0.845373
-0.147574 -0.840449
-0.146573 -0.835788
-0.145573 -0.831407
-0.144572 -0.827319
-0.143572 -0.823539
-0.142571 -0.820079
-0.141571 -0.816954
-0.140570 -0.814174
-0.139570 -0.811754
-0.138569 -0.809702
-0.137569 -0.808031
-0.136568 -0.806751
-0.135568 -0.805869
-0.134567 -0.805396
-0.133567 -0.805338
-0.132566 -0.805702
-0.131566 -0.806496
-0.130565 -0.807723
-0.129565 -0.809389
-0.128564 -0.811497
-0.127564 -0.814049
-0.126563 -0.817048
-0.125563 -0.820494
-0.124562 -0.824387
-0.123562 -0.828726
-0.122561 -0.833509
-0.121561 -0.838732
-0.120560 -0.844392
-0.119560 -0.850484
-0.118559 -0.857002
-0.117559 -0.863938
-0.116558 -0.871285
-0.115558 -0.879034
-0.114557 -0.887174
-0.113557 -0.895696
-0.112556 -0.904586
-0.111556 -0.913833
-0.110555 -0.923422
-0.109555 -0.933339
-0.108554 -0.943569
-0.107554 -0.954094
-0.106553 -0.964898
-0.105553 -0.975962
-0.104552 -0.987268
-0.103552 -0.998796
-0.102551 -1.010525
-0.101551 -1.022435
-0.100550 -1.034503
-0.099550 -1.046707
-0.098549 -1.059024
-0.097549 -1.071430
-0.096548 -1.083902
-0.095548 -1.096413
-0.094547 -1.108940
-0.093547 -1.121457
-0.092546 -1.133937
-0.091546 -1.146354
-0.090545 -1.158681
-0.089545 -1.170893
-0.088544 -1.182961
-0.087544 -1.194859
-0.086543 -1.206559
-0.085543 -1.218033
-0.084542 -1.229256
-0.083542 -1.240198
-0.082541 -1.250833
-0.081541 -1.261135
-0.080540 -1.271075
-0.079540 -1.280627
-0.078539 -1.289765
-0.077539 -1.298462
-0.076538 -1.306694
-0.075538 -1.314434
-0.074537 -1.321658
-0.073537 -1.328341
-0.072536 -1.334461
-0.071536 -1.339992
-0.070535 -1.344914
-0.069535 -1.349204
-0.068534 -1.352841
-0.067534 -1.355805
-0.066533 -1.358076
-0.065533 -1.359636
-0.064532 -1.360466
-0.063532 -1.360550
-0.062531 -1.359872
-0.061531 -1.358417
-0.060530 -1.356170
-0.059530 -1.353119
-0.058529 -1.349252
-0.057529 -1.344559
-0.056528 -1.339028
-0.055528 -1.332653
-0.054527 -1.325424
-0.053527 -1.317337
-0.052526 -1.308385
-0.051526 -1.298566
-0.050525 -1.287876
-0.049525 -1.276313
-0.048524 -1.263878
-0.047524 -1.250570
-0.046523 -1.236393
-0.045523 -1.221350
-0.044522 -1.205445
-0.043522 -1.188684
-0.042521 -1.171073
-0.041521 -1.152622
-0.040520 -1.133339
-0.039520 -1.113234
-0.038519 -1.092320
-0.037519 -1.070609
-0.036518 -1.048116
-0.035518 -1.024854
-0.034517 -1.000841
-0.033517 -0.976094
-0.032516 -0.950629
-0.031516 -0.924468
-0.030515 -0.897630
-0.029515 -0.870136
-0.028514 -0.842008
-0.027514 -0.813269
-0.026513 -0.783942
-0.025513 -0.754053
-0.024512 -0.723627
-0.023512 -0.692689
-0.022511 -0.661266
-0.021511 -0.629386
-0.020510 -0.597076
-0.019510 -0.564366
-0.018509 -0.531283
-0.017509 -0.497858
-0.016508 -0.464121
-0.015508 -0.430101
-0.014507 -0.395830
-0.013507 -0.361338
-0.012506 -0.326656
-0.011506 -0.291815
-0.010505 -0.256848
-0.009505 -0.221784
-0.008504 -0.186657
-0.007504 -0.151497
-0.006503 -0.116336
-0.005503 -0.081205
-0.004502 -0.046135
-0.003502 -0.011158
-0.002501 0.023697
-0.001501 0.058398
-0.000500 0.092916
0.000500 0.127221
0.001501 0.161284
0.002501 0.195076
0.003502 0.228569
0.004502 0.261736
0.005503 0.294549
0.006503 0.326981
0.007504 0.359008
0.008504 0.390605
0.009505 0.421746
0.010505 0.452410
0.011506 0.482573
0.012506 0.512213
0.013507 0.541309
0.014507 0.569843
0.015508 0.597794
0.016508 0.625145
0.017509 0.651879
0.018509 0.677979
0.019510 0.703431
0.020510 0.728221
0.021511 0.752335
0.022511 0.775763
0.023512 0.798493
0.024512 0.820515
0.025513 0.841821
0.026513 0.862404
0.027514 0.882257
0.028514 0.901375
0.029515 0.919754
0.030515 0.937390
0.031516 0.954283
0.032516 0.970431
0.033517 0.985834
0.034517 1.000493
0.035518 1.014412
0.036518 1.027593
0.037519 1.040041
0.038519 1.051762
0.039520 1.062762
0.040520 1.073049
0.041521 1.082631
0.042521 1.091517
0.043522 1.099718
0.044522 1.107245
0.045523 1.114110
0.046523 1.120326
0.047524 1.125906
0.048524 1.130865
0.049525 1.135219
0.050525 1.138983
0.051526 1.142173
0.052526 1.144806
0.053527 1.146902
0.054527 1.148476
0.055528 1.149549
0.056528 1.150140
0.057529 1.150268
0.058529 1.149954
0.059530 1.149217
0.060530 1.148078
0.061531 1.146559
0.062531 1.144681
0.063532 1.142464
0.064532 1.139931
0.065533 1.137103
0.066533 1.134001
0.067534 1.130648
0.068534 1.127064
0.069535 1.123271
0.070535 1.119292
0.071536 1.115146
0.072536 1.110855
0.073537 1.106439
0.074537 1.101920
0.075538 1.097317
0.076538 1.092651
0.077539 1.087940
0.078539 1.083203
0.079540 1.078460
0.080540 1.073728
0.081541 1.069024
0.082541 1.064367
0.083542 1.059771
0.084542 1.055253
0.085543 1.050829
0.086543 1.046511
0.087544 1.042315
0.088544 1.038253
0.089545 1.034337
0.090545 1.030579
0.091546 1.026991
0.092546 1.023581
0.093547 1.020359
0.094547 1.017333
0.095548 1.014511
0.096548 1.011900
0.097549 1.009505
0.098549 1.007332
0.099550 1.005385
0.100550 1.003666
0.101551 1.002179
0.102551 1.000925
0.103552 0.999905
0.104552 0.999119
0.105553 0.998566
0.106553 0.998244
0.107554 0.998151
0.108554 0.998284
0.109555 0.998637
0.110555 0.999207
0.111556 0.999988
0.112556 1.000973
0.113557 1.002156
0.114557 1.003528
0.115558 1.005082
0.116558 1.006807
0.117559 1.008696
0.118559 1.010736
0.119560 1.012918
0.120560 1.015230
0.121561 1.017660
0.122561 1.020197
0.123562 1.022827
0.124562 1.025537
0.125563 1.028314
0.126563 1.031144
0.127564 1.034013
0.128564 1.036908
0.129565 1.039812
0.130565 1.042713
0.131566 1.045595
0.132566 1.048443
0.133567 1.051243
0.134567 1.053979
0.135568 1.056638
0.136568 1.059203
0.137569 1.061662
0.138569 1.063999
0.139570 1.066200
0.140570 1.068251
0.141571 1.070139
0.142571 1.071850
0.143572 1.073372
0.144572 1.074692
0.145573 1.075798
0.146573 1.076679
0.147574 1.077323
0.148574 1.077720
0.149575 1.077860
0.150575 1.077734
0.151576 1.077333
0.152576 1.076650
0.153577 1.075678
0.154577 1.074410
0.155578 1.072840
0.156578 1.070963
0.157579 1.068777
0.158579 1.066277
0.159580 1.063462
0.160580 1.060330
0.161581 1.056880
0.162581 1.053114
0.163582 1.049033
0.164582 1.044639
0.165583 1.039935
0.166583 1.034926
0.167584 1.029617
0.168584 1.024014
0.169585 1.018125
0.170585 1.011958
0.171586 1.005523
0.172586 0.998828
0.173587 0.991885
0.174587 0.984707
0.175588 0.977306
0.176588 0.969697
0.177589 0.961893
0.178589 0.953912
0.179590 0.945768
0.180590 0.937480
0.181591 0.929065
0.182591 0.920543
0.183592 0.911934
0.184592 0.903256
0.185593 0.894533
0.186593 0.885785
0.187594 0.877034
0.188594 0.868304
0.189595 0.859617
0.190595 0.850998
0.191596 0.842470
0.192596 0.834059
0.193597 0.825788
0.194597 0.817684
0.195598 0.809771
0.196598 0.802075
0.197599 0.794621
0.198599 0.787436
0.199600 0.780544
0.200600 0.773972
0.201601 0.767744
0.202601 0.761885
0.203602 0.756421
0.204602 0.751376
0.205603 0.746774
0.206603 0.742638
0.207604 0.738993
0.208604 0.735859
0.209605 0.733260
0.210605 0.731215
0.211606 0.729746
0.212606 0.728872
0.213607 0.728612
0.214607 0.728982
0.215608 0.729999
0.216608 0.731679
0.217609 0.734036
0.218609 0.737082
0.219610 0.740830
0.220610 0.745290
0.221611 0.750470
0.222611 0.756377
0.223612 0.763019
0.224612 0.770399
0.225613 0.778519
0.226613 0.787382
0.227614 0.796986
0.228614 0.807328
0.229615 0.818406
0.230615 0.830212
0.231616 0.842740
0.232616 0.855979
0.233617 0.869918
0.234617 0.884543
0.235618 0.899840
0.236618 0.915790
0.237619 0.932375
0.238619 0.949573
0.239620 0.967362
0.240620 0.985716
0.241621 1.004608
0.242621 1.024009
0.243622 1.043888
0.244622 1.064213
0.245623 1.084948
0.246623 1.106058
0.247624 1.127504
0.248624 1.149245
0.249625 1.171240
0.250625 1.193446
0.251626 1.215817
0.252626 1.238307
0.253627 1.260867
0.254627 1.283448
0.255628 1.305998
0.256628 1.328466
0.257629 1.350797
0.258629 1.372938
0.259630 1.394832
0.260630 1.416423
0.261631 1.437654
0.262631 1.458465
0.263632 1.478799
0.264632 1.498596
0.265633 1.517796
0.266633 1.536339
0.267634 1.554166
0.268634 1.571215
0.269635 1.587427
0.270635 1.602742
0.271636 1.617101
0.272636 1.630444
0.273637 1.642714
0.274637 1.653853
0.275638 1.663804
0.276638 1.672512
0.277639 1.679924
0.278639 1.685986
0.279640 1.690647
0.280640 1.693859
0.281641 1.695573
0.282641 1.695744
0.283642 1.694329
0.284642 1.691288
0.285643 1.686581
0.286643 1.680174
0.287644 1.672034
0.288644 1.662130
0.289645 1.650436
0.290645 1.636930
0.291646 1.621590
0.292646 1.604401
0.293647 1.585350
0.294647 1.564428
0.295648 1.541631
0.296648 1.516957
0.297649 1.490411
0.298649 1.462000
0.299650 1.431736
0.300650 1.399636
0.301651 1.365723
0.302651 1.330021
0.303652 1.292563
0.304652 1.253384
0.305653 1.212525
0.306653 1.170031
0.307654 1.125955
0.308654 1.080351
0.309655 1.033282
0.310655 0.984812
0.311656 0.935014
0.312656 0.883964
0.313657 0.831744
0.314657 0.778440
0.315658 0.724143
0.316658 0.668950
0.317659 0.612963
0.318659 0.556288
0.319660 0.499035
0.320660 0.441320
0.321661 0.383263
0.322661 0.324987
0.323662 0.266622
0.324662 0.208299
0.325663 0.150154
0.326663 0.092327
0.327664 0.034961
0.328664 -0.021798
0.329665 -0.077802
0.330665 -0.132899
0.331666 -0.186936
0.332666 -0.239755
0.333667 -0.291201
0.334667 -0.341114
0.335668 -0.389335
0.336668 -0.435702
0.337669 -0.480055
0.338669 -0.522233
0.339670 -0.562075
0.340670 -0.599423
0.341671 -0.634118
0.342671 -0.666004
0.343672 -0.694926
0.344672 -0.720732
0.345673 -0.743275
0.346673 -0.762409
0.347674 -0.777993
0.348674 -0.789890
0.349675 -0.797970
0.350675 -0.802106
0.351676 -0.802179
0.352676 -0.798074
0.353677 -0.789686
0.354677 -0.776916
0.355678 -0.759672
0.356678 -0.737873
0.357679 -0.711445
0.358679 -0.680324
0.359680 -0.644457
0.360680 -0.603799
0.361681 -0.558318
0.362681 -0.507993
0.363682 -0.452814
0.364682 -0.392785
0.365683 -0.327918
0.366683 -0.258244
0.367684 -0.183803
0.368684 -0.104650
0.369685 -0.020854
0.370685 0.067504
0.371686 0.160325
0.372686 0.257498
0.373687 0.358898
0.374687 0.464382
0.375688 0.573797
0.376688 0.686971
0.377689 0.803718
0.378689 0.923839
0.379690 1.047119
0.380690 1.173329
0.381691 1.302225
0.382691 1.433551
0.383692 1.567035
0.384692 1.702393
0.385693 1.839328
0.386693 1.977532
0.387694 2.116682
0.388694 2.256449
0.389695 2.396488
0.390695 2.536449
0.391696 2.675972
0.392696 2.814687
0.393697 2.952219
0.394697 3.088188
0.395698 3.222206
0.396698 3.353885
0.397699 3.482831
0.398699 3.608651
0.399700 3.730951
0.400700 3.849338
0.401701 3.963421
0.402701 4.072814
0.403702 4.177136
0.404702 4.276012
0.405703 4.369076
0.406703 4.455973
0.407704 4.536355
0.408704 4.609891
0.409705 4.676263
0.410705 4.735166
0.411706 4.786315
0.412706 4.829443
0.413707 4.864301
0.414707 4.890664
0.415708 4.908326
0.416708 4.917109
0.417709 4.916855
0.418709 4.907436
0.419710 4.888749
0.420710 4.860719
0.421711 4.823300
0.422711 4.776476
0.423712 4.720260
0.424712 4.654696
0.425713 4.579858
0.426713 4.495852
0.427714 4.402815
0.428714 4.300915
0.429715 4.190351
0.430715 4.071353
0.431716 3.944181
0.432716 3.809123
0.433717 3.666498
0.434717 3.516652
0.435718 3.359957
0.436718 3.196812
0.437719 3.027640
0.438719 2.852886
0.439720 2.673017
0.440720 2.488520
0.441721 2.299900
0.442721 2.107677
0.443722 1.912385
0.444722 1.714571
0.445723 1.514793
0.446723 1.313613
0.447724 1.111602
0.448724 0.909332
0.449725 0.707379
0.450725 0.506314
0.451726 0.306707
0.452726 0.109121
0.453727 -0.085887
0.454727 -0.277773
0.455728 -0.466003
0.456728 -0.650057
0.457729 -0.829434
0.458729 -1.003649
0.459730 -1.172237
0.460730 -1.334754
0.461731 -1.490780
0.462731 -1.639920
0.463732 -1.781805
0.464732 -1.916091
0.465733 -2.042464
0.466733 -2.160639
0.467734 -2.270359
0.468734 -2.371400
0.469735 -2.463566
0.470735 -2.546695
0.471736 -2.620653
0.472736 -2.685340
0.473737 -2.740687
0.474737 -2.786655
0.475738 -2.823235
0.476738 -2.850451
0.477739 -2.868354
0.478739 -2.877024
0.479740 -2.876570
0.480740 -2.867127
0.481741 -2.848857
0.482741 -2.821947
0.483742 -2.786607
0.484742 -2.743069
0.485743 -2.691588
0.486743 -2.632436
0.487744 -2.565907
0.488744 -2.492308
0.489745 -2.411966
0.490745 -2.325217
0.491746 -2.232414
0.492746 -2.133918
0.493747 -2.030100
0.494747 -1.921341
0.495748 -1.808027
0.496748 -1.690547
0.497749 -1.569298
0.498749 -1.444675
0.499750 -1.317077
0.500750 -1.186901
0.501751 -1.054542
0.502751 -0.920393
0.503752 -0.784842
0.504752 -0.648272
0.505753 -0.511060
0.506753 -0.373575
0.507754 -0.236177
0.508754 -0.099218
0.509755 0.036960
0.510755 0.172026
0.511756 0.305663
0.512756 0.437563
0.513757 0.567432
0.514757 0.694989
0.515758 0.819968
0.516758 0.942116
0.517759 1.061195
0.518759 1.176982
0.519760 1.289268
0.520760 1.397860
0.521761 1.502581
0.522761 1.603268
0.523762 1.699774
0.524762 1.791968
0.525763 1.879733
0.526763 1.962968
0.527764 2.041588
0.528764 2.115521
0.529765 2.184710
0.530765 2.249113
0.531766 2.308701
0.532766 2.363459
0.533767 2.413387
0.534767 2.458496
0.535768 2.498809
0.536768 2.534363
0.537769 2.565204
0.538769 2.591393
0.539770 2.612998
0.540770 2.630098
0.541771 2.642783
0.542771 2.651152
0.543772 2.655310
0.544772 2.655373
0.545773 2.651464
0.546773 2.643710
0.547774 2.632250
0.548774 2.617223
0.549775 2.598777
0.550775 2.577064
0.551776 2.552240
0.552776 2.524464
0.553777 2.493900
0.554777 2.460714
0.555778 2.425072
0.556778 2.387146
0.557779 2.347105
0.558779 2.305121
0.559780 2.261365
0.560780 2.216010
0.561781 2.169226
0.562781 2.121183
0.563782 2.072050
0.564782 2.021992
0.565783 1.971175
0.566783 1.919759
0.567784 1.867904
0.568784 1.815766
0.569785 1.763494
0.570785 1.711239
0.571786 1.659143
0.572786 1.607346
0.573787 1.555981
0.574787 1.505180
0.575788 1.455066
0.576788 1.405758
0.577789 1.357371
0.578789 1.310011
0.579790 1.263782
0.580790 1.218778
0.581791 1.175091
0.582791 1.132805
0.583792 1.091996
0.584792 1.052736
0.585793 1.015091
0.586793 0.979119
0.587794 0.944872
0.588794 0.912396
0.589795 0.881731
0.590795 0.852910
0.591796 0.825959
0.592796 0.800900
0.593797 0.777746
0.594797 0.756506
0.595798 0.737182
0.596798 0.719771
0.597799 0.704263
0.598799 0.690644
0.599800 0.678891
0.600800 0.668981
0.601801 0.660881
0.602801 0.654556
0.603802 0.649964
0.604802 0.647060
0.605803 0.645793
0.606803 0.646110
0.607804 0.647952
0.608804 0.651256
0.609805 0.655957
0.610805 0.661985
0.611806 0.669268
0.612806 0.677730
0.613807 0.687294
0.614807 0.697878
0.615808 0.709401
0.616808 0.721777
0.617809 0.734920
0.618809 0.748743
0.619810 0.763156
0.620810 0.778070
0.621811 0.793395
0.622811 0.809038
0.623812 0.824910
0.624812 0.840919
0.625813 0.856975
0.626813 0.872989
0.627814 0.888869
0.628814 0.904530
0.629815 0.919884
0.630815 0.934847
0.631816 0.949334
0.632816 0.963266
0.633817 0.976563
0.634817 0.989149
0.635818 1.000950
0.636818 1.011897
0.637819 1.021920
0.638819 1.030957
0.639820 1.038946
0.640820 1.045831
0.641821 1.051559
0.642821 1.056080
0.643822 1.059350
0.644822 1.061328
0.645823 1.061978
0.646823 1.061270
0.647824 1.059175
0.648824 1.055673
0.649825 1.050747
0.650825 1.044384
0.651826 1.036578
0.652826 1.027327
0.653827 1.016635
0.654827 1.004511
0.655828 0.990968
0.656828 0.976026
0.657829 0.959710
0.658829 0.942049
0.659830 0.923079
0.660830 0.902841
0.661831 0.881380
0.662831 0.858746
0.663832 0.834997
0.664832 0.810192
0.665833 0.784397
0.666833 0.757683
0.667834 0.730125
0.668834 0.701803
0.669835 0.672800
0.670835 0.643205
0.671836 0.613111
0.672836 0.582613
0.673837 0.551811
0.674837 0.520809
0.675838 0.489712
0.676838 0.458630
0.677839 0.427676
0.678839 0.396963
0.679840 0.366609
0.680840 0.336732
0.681841 0.307452
0.682841 0.278891
0.683842 0.251173
0.684842 0.224419
0.685843 0.198753
0.686843 0.174300
0.687844 0.151183
0.688844 0.129524
0.689845 0.109445
0.690845 0.091066
0.691846 0.074505
0.692846 0.059879
0.693847 0.047301
0.694847 0.036883
0.695848 0.028732
0.696848 0.022951
0.697849 0.019641
0.698849 0.018897
0.699850 0.020809
0.700850 0.025462
0.701851 0.032936
0.702851 0.043305
0.703852 0.056636
0.704852 0.072990
0.705853 0.092421
0.706853 0.114974
0.707854 0.140688
0.708854 0.169593
0.709855 0.201712
0.710855 0.237058
0.711856 0.275636
0.712856 0.317440
0.713857 0.362457
0.714857 0.410663
0.715858 0.462025
0.716858 0.516498
0.717859 0.574029
0.718859 0.634555
0.719860 0.697999
0.720860 0.764278
0.721861 0.833296
0.722861 0.904947
0.723862 0.979114
0.724862 1.055670
0.725863 1.134478
0.726863 1.215390
0.727864 1.298249
0.728864 1.382885
0.729865 1.469123
0.730865 1.556774
0.731866 1.645643
0.732866 1.735525
0.733867 1.826207
0.734867 1.917467
0.735868 2.009077
0.736868 2.100801
0.737869 2.192396
0.738869 2.283615
0.739870 2.374203
0.740870 2.463903
0.741871 2.552452
0.742871 2.639586
0.743872 2.725036
0.744872 2.808534
0.745873 2.889808
0.746873 2.968588
0.747874 3.044605
0.748874 3.117591
0.749875 3.187281
0.750875 3.253413
0.751876 3.315731
0.752876 3.373982
0.753877 3.427921
0.754877 3.477311
0.755878 3.521922
0.756878 3.561534
0.757879 3.595936
0.758879 3.624930
0.759880 3.648328
0.760880 3.665957
0.761881 3.677655
0.762881 3.683277
0.763882 3.682692
0.764882 3.675786
0.765883 3.662460
0.766883 3.642633
0.767884 3.616244
0.768884 3.583246
0.769885 3.543616
0.770885 3.497346
0.771886 3.444450
0.772886 3.384960
0.773887 3.318929
0.774887 3.246430
0.775888 3.167557
0.776888 3.082421
0.777889 2.991155
0.778889 2.893911
0.779890 2.790861
0.780890 2.682194
0.781891 2.568120
0.782891 2.448863
0.783892 2.324669
0.784892 2.195796
0.785893 2.062520
0.786893 1.925132
0.787894 1.783937
0.788894 1.639250
0.789895 1.491403
0.790895 1.340736
0.791896 1.187598
0.792896 1.032350
0.793897 0.875359
0.794897 0.716997
0.795898 0.557644
0.796898 0.397682
0.797899 0.237497
0.798899 0.077477
0.799900 -0.081989
0.800900 -0.240516
0.801901 -0.397716
0.802901 -0.553207
0.803902 -0.706609
0.804902 -0.857550
0.805903 -1.005661
0.806903 -1.150582
0.807904 -1.291959
0.808904 -1.429449
0.809905 -1.562717
0.810905 -1.691440
0.811906 -1.815304
0.812906 -1.934010
0.813907 -2.047268
0.814907 -2.154803
0.815908 -2.256353
0.816908 -2.351670
0.817909 -2.440520
0.818909 -2.522684
0.819910 -2.597958
0.820910 -2.666153
0.821911 -2.727093
0.822911 -2.780622
0.823912 -2.826595
0.824912 -2.864886
0.825913 -2.895381
0.826913 -2.917983
0.827914 -2.932612
0.828914 -2.939201
0.829915 -2.937699
0.830915 -2.928070
0.831916 -2.910292
0.832916 -2.884359
0.833917 -2.850279
0.834917 -2.808072
0.835918 -2.757777
0.836918 -2.699441
0.837919 -2.633128
0.838919 -2.558915
0.839920 -2.476891
0.840920 -2.387159
0.841921 -2.289833
0.842921 -2.185041
0.843922 -2.072923
0.844922 -1.953630
0.845923 -1.827325
0.846923 -1.694183
0.847924 -1.554391
0.848924 -1.408145
0.849925 -1.255655
0.850925 -1.097139
0.851926 -0.932828
0.852926 -0.762961
0.853927 -0.587790
0.854927 -0.407575
0.855928 -0.222587
0.856928 -0.033108
0.857929 0.160574
0.858929 0.358157
0.859930 0.559334
0.860930 0.763784
0.861931 0.971181
0.862931 1.181189
0.863932 1.393463
0.864932 1.607651
0.865933 1.823390
0.866933 2.040314
0.867934 2.258044
0.868934 2.476199
0.869935 2.694386
0.870935 2.912210
0.871936 3.129268
0.872936 3.345150
0.873937 3.559442
0.874937 3.771725
0.875938 3.981576
0.876938 4.188566
0.877939 4.392266
0.878939 4.592241
0.879940 4.788056
0.880940 4.979272
0.881941 5.165451
0.882941 5.346155
0.883942 5.520944
0.884942 5.689381
0.885943 5.851031
0.886943 6.005460
0.887944 6.152238
0.888944 6.290941
0.889945 6.421148
0.890945 6.542445
0.891946 6.654423
0.892946 6.756684
0.893947 6.848834
0.894947 6.930493
0.895948 7.001290
0.896948 7.060862
0.897949 7.108864
0.898949 7.144959
0.899950 7.168828
0.900950 7.180164
0.901951 7.178677
0.902951 7.164096
0.903952 7.136165
0.904952 7.094647
0.905953 7.039326
0.906953 6.970005
0.907954 6.886510
0.908954 6.788688
0.909955 6.676408
0.910955 6.549564
0.911956 6.408074
0.912956 6.251882
0.913957 6.080957
0.914957 5.895294
0.915958 5.694916
0.916958 5.479875
0.917959 5.250248
0.918959 5.006143
0.919960 4.747697
0.920960 4.475078
0.921961 4.188481
0.922961 3.888133
0.923962 3.574294
0.924962 3.247251
0.925963 2.907326
0.926963 2.554868
0.927964 2.190263
0.928964 1.813924
0.929965 1.426298
0.930965 1.027864
0.931966 0.619130
0.932966 0.200639
0.933967 -0.227037
0.934967 -0.663295
0.935968 -1.107498
0.936968 -1.558982
0.937969 -2.017051
0.938969 -2.480977
0.939970 -2.950006
0.940970 -3.423351
0.941971 -3.900199
0.942971 -4.379707
0.943972 -4.861005
0.944972 -5.343195
0.945973 -5.825351
0.946973 -6.306525
0.947974 -6.785738
0.948974 -7.261990
0.949975 -7.734256
0.950975 -8.201487
0.951976 -8.662611
0.952976 -9.116535
0.953977 -9.562142
0.954977 -9.998299
0.955978 -10.423850
0.956978 -10.837620
0.957979 -11.238418
0.958979 -11.625034
0.959980 -11.996241
0.960980 -12.350798
0.961981 -12.687450
0.962981 -13.004925
0.963982 -13.301939
0.964982 -13.577198
0.965983 -13.829394
0.966983 -14.057210
0.967984 -14.259317
0.968984 -14.434380
0.969985 -14.581055
0.970985 -14.697989
0.971986 -14.783826
0.972986 -14.837201
0.973987 -14.856746
0.974987 -14.841088
0.975988 -14.788853
0.976988 -14.698663
0.977989 -14.569137
0.978989 -14.398895
0.979990 -14.186557
0.980990 -13.930742
0.981991 -13.630072
0.982991 -13.283169
0.983992 -12.888658
0.984992 -12.445170
0.985993 -11.951336
0.986993 -11.405793
0.987994 -10.807184
0.988994 -10.154157
0.989995 -9.445367
0.990995 -8.679474
0.991996 -7.855148
0.992996 -6.971064
0.993997 -6.025908
0.994997 -5.018374
0.995998 -3.947165
0.996998 -2.810995
0.997999 -1.608585
0.998999 -0.338672
1.000000 1.000000
